satisfaction_level,last_evaluation,number_project,average_montly_hours,time_spend_company,Work_accident,left,promotion_last_5years,dept,salary0.38,0.53,2,157,3,0,1,0,sales,low0.8,0.86,5,262,6,0,1,0,sales,medium0.11,0.88,7,272,4,0,1,0,sales,medium0.72,0.87,5,223,5,0,1,0,sales,low0.37,0.52,2,159,3,0,1,0,sales,low0.41,0.5,2,153,3,0,1,0,sales,low0.1,0.77,6,247,4,0,1,0,sales,low0.92,0.85,5,259,5,0,1,0,sales,low0.89,1,5,224,5,0,1,0,sales,low0.42,0.53,2,142,3,0,1,0,sales,low0.45,0.54,2,135,3,0,1,0,sales,low0.11,0.81,6,305,4,0,1,0,sales,low0.84,0.92,4,234,5,0,1,0,sales,low0.41,0.55,2,148,3,0,1,0,sales,low0.36,0.56,2,137,3,0,1,0,sales,low0.38,0.54,2,143,3,0,1,0,sales,low0.45,0.47,2,160,3,0,1,0,sales,low0.78,0.99,4,255,6,0,1,0,sales,low0.45,0.51,2,160,3,1,1,1,sales,low0.76,0.89,5,262,5,0,1,0,sales,low0.11,0.83,6,282,4,0,1,0,sales,low0.38,0.55,2,147,3,0,1,0,sales,low0.09,0.95,6,304,4,0,1,0,sales,low0.46,0.57,2,139,3,0,1,0,sales,low0.4,0.53,2,158,3,0,1,0,sales,low0.89,0.92,5,242,5,0,1,0,sales,low0.82,0.87,4,239,5,0,1,0,sales,low0.4,0.49,2,135,3,0,1,0,sales,low0.41,0.46,2,128,3,0,1,0,accounting,low0.38,0.5,2,132,3,0,1,0,accounting,low0.09,0.62,6,294,4,0,1,0,accounting,low0.45,0.57,2,134,3,0,1,0,hr,low0.4,0.51,2,145,3,0,1,0,hr,low0.45,0.55,2,140,3,0,1,0,hr,low0.84,0.87,4,246,6,0,1,0,hr,low0.1,0.94,6,255,4,0,1,0,technical,low0.38,0.46,2,137,3,0,1,0,technical,low0.45,0.5,2,126,3,0,1,0,technical,low0.11,0.89,6,306,4,0,1,0,technical,low0.41,0.54,2,152,3,0,1,0,technical,low0.87,0.88,5,269,5,0,1,0,technical,low0.45,0.48,2,158,3,0,1,0,technical,low0.4,0.46,2,127,3,0,1,0,technical,low0.1,0.8,7,281,4,0,1,0,technical,low0.09,0.89,6,276,4,0,1,0,technical,low0.84,0.74,3,182,4,0,1,0,technical,low0.4,0.55,2,147,3,0,1,0,support,low0.57,0.7,3,273,6,0,1,0,support,low0.4,0.54,2,148,3,0,1,0,support,low0.43,0.47,2,147,3,0,1,0,support,low0.13,0.78,6,152,2,0,1,0,support,low0.44,0.55,2,135,3,0,1,0,support,low0.38,0.55,2,134,3,0,1,0,support,low0.39,0.54,2,132,3,0,1,0,support,low0.1,0.92,7,307,4,0,1,0,support,low0.37,0.46,2,140,3,0,1,0,support,low0.11,0.94,7,255,4,0,1,0,support,low0.1,0.81,6,309,4,0,1,0,technical,low0.38,0.54,2,128,3,0,1,0,technical,low0.85,1,4,225,5,0,1,0,technical,low0.85,0.91,5,226,5,0,1,0,management,medium0.11,0.93,7,308,4,0,1,0,IT,medium0.1,0.95,6,244,5,0,1,0,IT,medium0.36,0.56,2,132,3,0,1,0,IT,medium0.11,0.94,6,286,4,0,1,0,IT,medium0.81,0.7,6,161,4,0,1,0,IT,medium0.43,0.54,2,153,3,0,1,0,product_mng,medium0.9,0.98,4,264,6,0,1,0,product_mng,medium0.76,0.86,5,223,5,1,1,0,product_mng,medium0.43,0.5,2,135,3,0,1,0,product_mng,medium0.74,0.99,2,277,3,0,1,0,IT,medium0.09,0.77,5,275,4,0,1,0,product_mng,medium0.45,0.49,2,149,3,0,1,0,product_mng,high0.09,0.87,7,295,4,0,1,0,product_mng,low0.11,0.97,6,277,4,0,1,0,product_mng,medium0.11,0.79,7,306,4,0,1,0,product_mng,medium0.1,0.83,6,295,4,0,1,0,product_mng,medium0.4,0.54,2,137,3,0,1,0,marketing,medium0.43,0.56,2,157,3,0,1,0,sales,low0.39,0.56,2,142,3,0,1,0,accounting,low0.45,0.54,2,140,3,0,1,0,support,low0.38,0.49,2,151,3,0,1,0,technical,low0.79,0.59,4,139,3,0,1,1,management,low0.84,0.85,4,249,6,0,1,0,marketing,low0.11,0.77,6,291,4,0,1,0,marketing,low0.11,0.87,6,305,4,0,1,0,marketing,low0.17,0.84,5,232,3,0,1,0,sales,low0.44,0.45,2,132,3,0,1,0,sales,low0.37,0.57,2,130,3,0,1,0,sales,low0.1,0.79,6,291,4,0,1,0,sales,low0.4,0.5,2,130,3,0,1,0,sales,low0.89,1,5,246,5,0,1,0,sales,low0.42,0.48,2,143,3,0,1,0,sales,low0.46,0.55,2,129,3,0,1,0,sales,low0.09,0.83,6,255,4,0,1,0,sales,low0.37,0.51,2,155,3,0,1,0,sales,low0.1,0.77,6,265,4,0,1,0,sales,low0.1,0.84,6,279,4,0,1,0,sales,low0.11,0.97,6,284,4,0,1,0,sales,low0.9,1,5,221,6,0,1,0,sales,medium0.38,0.52,2,154,3,0,1,0,sales,medium0.36,0.52,2,147,3,0,1,0,sales,medium0.42,0.46,2,150,3,0,1,0,sales,medium0.09,0.94,7,267,4,0,1,0,sales,medium0.43,0.52,2,158,3,0,1,0,sales,medium0.24,0.46,7,224,5,0,1,0,accounting,medium0.91,1,4,257,5,0,1,0,accounting,medium0.44,0.5,2,148,3,0,1,0,accounting,medium0.71,0.87,3,177,4,0,1,0,hr,medium0.4,0.49,2,155,3,0,1,0,hr,medium0.43,0.47,2,144,3,0,1,0,hr,medium0.09,0.85,6,289,4,0,1,0,hr,high0.43,0.52,2,160,3,0,1,0,technical,low0.9,0.96,4,258,5,0,1,0,technical,medium0.84,1,5,234,5,0,1,0,technical,medium0.37,0.48,2,137,3,0,1,0,technical,medium0.86,0.68,5,263,2,0,1,0,technical,medium0.11,0.84,6,251,4,0,1,0,technical,low0.37,0.57,2,133,3,0,1,0,technical,low0.4,0.46,2,132,3,0,1,0,technical,low0.14,0.62,4,158,4,1,1,0,technical,low0.4,0.46,2,135,3,0,1,0,technical,low0.75,1,4,216,6,0,1,0,technical,low0.11,0.84,6,300,5,1,1,0,support,low0.46,0.49,2,138,3,0,1,0,support,low0.11,0.92,6,260,4,0,1,0,support,low0.38,0.49,2,132,3,0,1,0,support,low0.7,0.89,3,183,5,0,1,0,support,low0.09,0.82,6,250,4,0,1,0,support,low0.37,0.45,2,151,3,0,1,0,support,low0.1,0.83,6,292,4,0,1,0,support,low0.38,0.57,2,140,3,0,1,0,support,low0.9,1,5,221,5,0,1,0,support,low0.44,0.51,2,138,3,0,1,0,support,low0.36,0.5,2,132,3,0,1,0,technical,low0.31,0.84,7,133,5,0,1,0,technical,low0.1,0.84,6,283,4,1,1,0,technical,low0.42,0.48,2,129,3,0,1,0,management,low0.74,1,4,249,5,0,1,0,IT,low0.73,0.87,5,257,5,0,1,0,IT,low0.09,0.96,6,245,4,0,1,0,IT,low0.45,0.53,2,155,3,0,1,0,IT,low0.11,0.8,6,256,4,0,1,0,IT,low0.37,0.47,2,152,3,0,1,0,product_mng,low0.84,0.99,4,267,5,0,1,0,product_mng,low0.41,0.46,2,151,3,0,1,0,product_mng,low0.76,0.92,4,239,5,0,1,0,product_mng,low0.11,0.87,6,306,4,0,1,0,IT,low0.84,0.88,4,263,5,1,1,0,marketing,low0.39,0.5,2,147,3,0,1,0,marketing,low0.11,0.91,6,278,4,0,1,0,marketing,low0.45,0.56,2,154,3,0,1,0,marketing,low0.37,0.52,2,143,3,0,1,0,marketing,low0.4,0.52,2,155,3,0,1,0,marketing,low0.39,0.48,2,160,3,0,1,0,sales,low0.11,0.8,6,304,4,0,1,0,accounting,low0.83,1,5,240,5,0,1,0,support,low0.11,0.92,6,305,4,0,1,0,technical,low0.39,0.5,2,136,3,0,1,0,management,low0.45,0.45,2,132,3,0,1,0,marketing,low0.1,0.95,7,301,4,0,1,0,marketing,low0.9,0.98,5,243,6,0,1,0,marketing,low0.45,0.51,2,147,3,0,1,0,sales,low0.79,0.89,5,239,5,0,1,0,sales,low0.9,0.99,5,260,5,0,1,0,sales,low0.11,0.84,7,296,4,0,1,0,sales,low0.43,0.55,2,129,3,0,1,0,sales,low0.31,0.54,5,132,5,0,1,0,sales,low0.32,0.5,2,135,5,0,1,0,sales,low0.45,0.57,2,158,3,0,1,0,sales,low0.81,0.99,4,259,5,0,1,0,sales,low0.41,0.46,2,160,3,0,1,1,sales,low0.11,0.78,7,278,4,0,1,0,sales,low0.1,0.88,6,284,4,0,1,0,sales,low0.7,0.53,2,274,4,0,1,0,sales,low0.54,0.74,4,164,2,0,1,0,sales,low0.41,0.48,2,148,3,0,1,0,sales,low0.38,0.5,2,140,3,0,1,0,sales,medium0.37,0.51,2,127,3,0,1,0,sales,medium0.11,0.85,6,308,5,0,1,0,sales,medium0.4,0.47,2,146,3,0,1,0,sales,medium0.1,0.84,6,261,4,0,1,0,accounting,medium0.89,0.99,5,257,5,0,1,0,accounting,medium0.11,0.8,6,285,4,0,1,0,accounting,medium0.36,0.55,2,141,3,0,1,0,hr,medium0.4,0.46,2,127,3,0,1,0,hr,medium0.09,0.85,6,297,4,0,1,0,hr,medium0.4,0.46,2,143,3,0,1,0,hr,medium0.37,0.55,2,152,3,0,1,0,technical,medium0.44,0.51,2,156,3,0,1,0,technical,high0.09,0.8,7,283,5,0,1,0,technical,low0.92,0.87,4,226,6,1,1,0,technical,medium0.74,0.91,4,232,5,0,1,0,technical,medium0.09,0.82,6,249,4,0,1,0,technical,medium0.89,0.95,4,275,5,0,1,0,technical,medium0.09,0.8,6,304,4,0,1,0,technical,low0.27,0.54,7,278,3,0,1,0,technical,low0.1,0.91,6,287,4,0,1,0,technical,low0.1,0.89,7,285,4,0,1,0,technical,low0.77,0.94,5,226,6,0,1,0,support,low0.9,0.82,5,259,5,0,1,0,support,low0.39,0.5,2,135,3,0,1,0,support,low0.76,1,5,219,5,0,1,0,support,low0.1,0.93,6,256,4,0,1,0,support,low0.87,0.9,5,254,6,0,1,0,support,low0.38,0.5,2,153,3,0,1,0,support,low0.77,0.99,5,228,5,0,1,0,support,low0.78,0.87,4,228,5,0,1,0,support,low0.44,0.5,2,128,3,0,1,0,support,low0.38,0.52,2,153,3,0,1,0,support,low0.43,0.46,2,156,3,0,1,0,technical,low0.39,0.5,4,294,3,0,1,0,technical,low0.88,1,5,219,5,0,1,0,technical,low0.45,0.46,2,153,3,0,1,0,management,low0.4,0.53,2,151,3,0,1,0,IT,low0.36,0.51,2,155,3,0,1,0,IT,low0.36,0.48,2,158,3,0,1,0,IT,low0.9,0.98,5,245,5,0,1,0,IT,low0.43,0.53,2,131,3,0,1,0,IT,low0.89,0.87,5,225,5,0,1,0,product_mng,low0.1,0.84,6,286,4,0,1,0,product_mng,low0.37,0.5,2,135,3,0,1,0,product_mng,low0.37,0.51,2,153,3,0,1,0,product_mng,low0.87,0.9,5,252,5,0,1,0,IT,low0.4,0.56,2,149,3,0,1,0,accounting,low0.9,0.97,4,258,5,0,1,0,accounting,low0.37,0.46,2,158,3,0,1,0,hr,low0.44,0.54,2,149,3,0,1,0,hr,low0.85,0.95,5,236,5,0,1,0,hr,low0.78,0.98,5,239,6,0,1,0,marketing,low0.42,0.47,2,159,3,0,1,0,marketing,low0.92,0.99,5,255,6,0,1,0,sales,low0.11,0.83,6,244,4,0,1,0,accounting,low0.42,0.56,2,134,3,0,1,0,support,low0.48,0.57,4,270,4,0,1,0,technical,low0.83,0.85,4,255,5,0,1,0,management,low0.4,0.53,2,151,3,0,1,0,marketing,low0.43,0.45,2,135,3,0,1,0,marketing,low0.43,0.53,2,146,3,0,1,0,marketing,low0.1,0.97,7,254,4,0,1,0,sales,low0.1,0.87,7,289,4,0,1,0,sales,low0.37,0.46,2,156,3,0,1,0,sales,low0.38,0.53,2,156,3,0,1,0,sales,low0.4,0.5,2,128,3,0,1,0,sales,low0.89,0.86,5,275,5,0,1,0,sales,low0.45,0.46,2,155,3,0,1,0,sales,low0.37,0.48,2,159,3,0,1,0,sales,low0.46,0.49,2,148,3,0,1,0,sales,low0.87,0.91,4,228,5,0,1,0,sales,low0.11,0.84,6,298,4,0,1,0,sales,low0.79,0.87,5,261,5,0,1,0,sales,low0.79,0.92,5,254,6,0,1,0,sales,low0.19,0.59,7,192,3,0,1,0,sales,low0.87,0.98,4,248,5,0,1,0,sales,low0.6,0.92,2,258,5,0,1,0,sales,low0.44,0.45,2,156,3,0,1,0,sales,medium0.11,0.81,6,266,4,1,1,0,sales,medium0.42,0.54,2,156,3,0,1,0,sales,medium0.88,0.88,5,232,5,1,1,0,accounting,medium0.11,0.84,6,287,4,0,1,0,accounting,medium0.46,0.46,2,154,3,0,1,0,accounting,medium0.82,0.97,5,263,5,0,1,0,hr,medium0.44,0.56,2,131,3,0,1,0,hr,medium0.11,0.78,6,260,4,0,1,0,hr,medium0.42,0.5,2,139,3,0,1,0,hr,medium0.84,0.93,4,251,5,0,1,0,technical,medium0.11,0.95,6,286,4,0,1,0,technical,medium0.45,0.53,2,129,3,0,1,0,technical,high0.38,0.56,2,156,3,0,1,0,technical,low0.38,0.86,6,139,6,0,1,0,technical,medium0.44,0.51,2,127,3,0,1,0,technical,medium0.11,0.84,6,251,4,0,1,0,technical,medium0.81,0.93,5,270,5,0,1,0,technical,medium0.09,0.96,6,296,4,0,1,0,technical,low0.11,0.9,6,254,4,0,1,0,technical,low0.81,0.95,5,238,6,0,1,0,technical,low0.1,0.97,6,267,4,1,1,0,support,low0.74,0.89,5,229,6,0,1,0,support,low0.09,0.78,6,254,4,0,1,0,support,low0.82,0.81,4,233,4,1,1,0,support,low0.1,0.98,6,268,4,0,1,0,support,low0.27,0.56,3,301,3,0,1,0,support,low0.83,0.92,5,267,6,0,1,0,support,low0.1,0.93,6,289,4,1,1,0,support,low0.38,0.47,2,144,3,0,1,0,support,low0.4,0.56,2,148,3,0,1,0,support,low0.11,0.83,6,306,4,0,1,0,support,low0.11,0.79,6,292,4,0,1,1,technical,low0.82,0.91,5,232,5,0,1,0,technical,low0.36,0.48,2,137,3,0,1,0,technical,low0.4,0.46,2,128,3,0,1,0,management,low0.87,0.84,5,231,5,0,1,0,IT,low0.41,0.49,2,146,3,0,1,0,IT,low0.11,0.91,6,308,4,1,1,0,IT,low0.1,0.93,6,253,4,0,1,0,IT,medium0.38,0.51,2,146,3,0,1,0,IT,medium0.39,0.55,2,156,3,0,1,0,product_mng,medium0.4,0.52,2,147,3,0,1,0,product_mng,medium0.45,0.48,2,136,3,0,1,0,product_mng,medium0.74,0.84,5,249,5,0,1,0,product_mng,medium0.45,0.55,2,151,3,0,1,0,IT,medium0.12,1,3,278,4,0,1,0,RandD,medium0.1,0.77,7,250,5,0,1,0,RandD,medium0.37,0.55,2,127,3,0,1,0,RandD,medium0.89,0.87,5,255,5,0,1,0,RandD,medium0.45,0.47,2,135,3,0,1,0,RandD,medium0.37,0.46,2,149,3,0,1,0,marketing,high0.11,0.81,5,287,4,0,1,0,sales,low0.41,0.48,2,145,3,0,1,0,accounting,medium0.1,0.94,6,285,4,0,1,0,support,medium0.1,0.93,7,305,4,0,1,0,technical,medium0.11,0.95,7,300,4,0,1,0,management,medium0.4,0.54,2,139,3,0,1,0,marketing,low0.41,0.49,2,130,3,0,1,0,marketing,low0.1,0.81,6,268,4,0,1,0,marketing,low0.73,0.86,4,245,6,0,1,0,sales,low0.43,0.47,2,135,3,0,1,0,sales,low0.37,0.46,2,153,3,0,1,0,sales,low0.11,0.94,6,276,4,0,1,0,sales,low0.4,0.46,2,130,3,0,1,0,sales,low0.41,0.54,2,153,3,1,1,0,sales,low0.82,0.84,5,244,5,0,1,0,sales,low0.61,0.47,2,253,3,0,1,0,sales,low0.11,0.91,7,287,4,0,1,0,sales,low0.37,0.45,2,131,3,0,1,0,sales,low0.41,0.52,2,135,3,0,1,0,sales,low0.37,0.52,2,157,3,0,1,0,sales,low0.88,0.99,5,262,6,0,1,0,sales,low0.1,0.85,6,266,4,0,1,0,sales,low0.44,0.48,2,148,3,0,1,0,sales,low0.38,0.57,2,140,3,0,1,0,sales,low0.11,0.85,7,302,4,0,1,0,sales,low0.09,0.98,6,271,4,0,1,0,sales,low0.45,0.52,2,145,3,0,1,0,sales,medium0.1,0.81,6,290,4,0,1,0,accounting,medium0.45,0.47,2,151,3,0,1,0,accounting,medium0.77,0.87,5,266,5,0,1,0,accounting,medium0.44,0.51,2,140,3,0,1,0,hr,medium0.39,0.5,2,142,3,0,1,0,hr,medium0.1,0.91,6,246,4,0,1,0,hr,medium0.09,0.89,7,308,5,0,1,0,hr,medium0.37,0.47,2,141,3,0,1,0,technical,medium0.9,1,5,232,5,0,1,0,technical,medium0.41,0.56,2,143,3,0,1,0,technical,medium0.37,0.52,2,155,3,0,1,0,technical,medium0.1,0.86,6,278,4,0,1,0,technical,high0.81,1,4,253,5,0,1,0,technical,low0.11,0.8,6,282,4,0,1,0,technical,medium0.11,0.84,7,264,4,0,1,0,technical,medium0.4,0.46,2,149,3,0,1,0,technical,medium0.09,0.8,6,304,5,0,1,0,technical,medium0.48,0.93,3,219,6,0,1,0,technical,low0.91,0.91,4,262,6,0,1,0,support,low0.43,0.57,2,135,3,0,1,0,support,low0.33,0.88,6,219,5,0,1,0,support,low0.41,0.57,2,136,3,0,1,0,support,low0.41,0.55,2,154,3,0,1,0,support,low0.37,0.54,2,149,3,0,1,0,support,low0.31,0.62,6,135,5,0,1,0,support,low0.09,0.91,6,275,4,0,1,0,support,low0.1,0.87,6,290,4,0,1,0,support,low0.76,0.9,4,263,5,0,1,0,support,low0.41,0.54,2,145,3,0,1,0,support,low0.72,0.96,5,267,5,0,1,0,technical,low0.4,0.5,2,141,3,1,1,0,technical,low0.91,0.87,4,235,5,0,1,0,technical,low0.1,0.83,6,258,4,0,1,0,management,low0.4,0.56,2,131,3,0,1,0,IT,low0.82,0.86,5,243,5,0,1,0,IT,low0.1,0.82,6,266,4,0,1,0,IT,low0.37,0.45,2,142,3,0,1,0,IT,low0.36,0.51,2,135,3,0,1,0,IT,low0.39,0.48,2,141,3,0,1,0,product_mng,medium0.36,0.57,2,142,3,0,1,0,product_mng,medium0.86,0.84,5,254,5,0,1,0,product_mng,medium0.73,0.99,5,262,5,0,1,0,product_mng,medium0.56,0.71,4,296,2,0,1,0,IT,medium0.44,0.56,2,158,3,0,1,0,accounting,medium0.31,0.56,4,238,2,0,1,0,accounting,medium0.77,0.93,4,231,5,0,1,0,hr,medium0.44,0.45,2,156,3,0,1,0,hr,medium0.38,0.46,2,145,3,0,1,0,hr,medium0.45,0.48,2,144,3,0,1,0,marketing,medium0.38,0.51,2,159,3,0,1,0,sales,medium0.36,0.48,2,156,3,0,1,0,accounting,high0.75,0.9,5,256,5,0,1,0,support,low0.1,0.93,6,298,4,0,1,0,technical,medium0.1,0.97,6,247,4,0,1,0,management,medium0.45,0.5,2,157,3,0,1,0,marketing,medium0.42,0.57,2,154,3,1,1,0,marketing,medium0.78,1,4,253,5,0,1,0,marketing,low0.45,0.55,2,148,3,0,1,0,sales,low0.84,1,4,261,5,0,1,0,sales,low0.11,0.93,6,282,4,0,1,0,sales,low0.42,0.56,2,133,3,0,1,0,sales,low0.45,0.46,2,128,3,0,1,0,sales,low0.46,0.57,2,139,3,0,1,0,sales,low0.09,0.79,6,293,5,0,1,0,sales,low0.87,0.83,4,265,6,0,1,0,sales,low0.1,0.87,6,250,4,0,1,0,sales,low0.91,1,5,251,6,0,1,0,sales,low0.76,0.92,4,246,5,0,1,0,sales,low0.74,1,5,275,5,0,1,0,sales,low0.92,0.93,5,240,5,0,1,0,sales,low0.76,0.87,5,245,5,0,1,0,sales,low0.47,0.5,4,254,4,0,1,0,sales,low0.73,0.99,5,241,5,0,1,0,sales,low0.09,0.94,6,257,4,0,1,0,sales,low0.91,0.92,4,246,5,0,1,0,sales,low0.82,0.98,4,233,5,0,1,0,sales,low0.28,0.45,6,218,4,0,1,0,accounting,low0.84,0.99,4,262,6,0,1,0,accounting,medium0.45,0.53,2,138,3,0,1,0,accounting,medium0.45,0.54,2,142,3,0,1,0,hr,medium0.91,0.97,5,233,5,0,1,0,hr,medium0.42,0.48,2,155,3,0,1,0,hr,medium0.82,1,4,229,6,0,1,0,hr,medium0.11,0.9,6,264,4,0,1,0,technical,medium0.42,0.53,3,199,4,0,1,0,technical,medium0.82,0.85,4,223,5,0,1,0,technical,medium0.09,0.96,6,268,4,0,1,0,technical,medium0.1,0.94,6,287,4,0,1,0,technical,medium0.86,1,5,257,5,0,1,0,technical,medium0.4,0.46,2,143,3,0,1,0,technical,high0.45,0.46,2,130,3,0,1,0,technical,low0.42,0.51,2,136,3,0,1,0,technical,medium0.74,0.92,4,261,5,0,1,0,technical,medium0.55,0.6,3,180,4,0,1,0,technical,medium0.37,0.45,2,126,3,0,1,0,support,medium0.41,0.52,2,127,3,1,1,0,support,low0.89,0.65,5,195,6,0,1,0,support,low0.41,0.57,2,160,3,0,1,0,support,low0.44,0.51,2,150,3,0,1,0,support,low0.87,0.84,4,264,6,0,1,0,support,low0.1,0.84,6,309,4,0,1,0,support,low0.41,0.47,2,135,3,0,1,0,support,low0.11,0.85,6,261,4,0,1,0,support,low0.43,0.53,2,160,3,0,1,0,support,low0.77,0.9,4,237,5,0,1,0,support,low0.41,0.52,2,136,3,0,1,0,technical,low0.41,0.48,2,139,3,0,1,0,technical,low0.36,0.78,2,151,4,0,1,0,technical,low0.77,1,5,229,5,0,1,0,management,low0.81,0.98,5,245,5,0,1,0,IT,low0.39,0.54,2,127,3,0,1,0,IT,low0.09,0.94,6,283,5,0,1,0,IT,low0.44,0.46,2,143,3,0,1,0,IT,low0.1,0.84,5,298,4,0,1,0,IT,low0.36,0.48,2,159,3,0,1,0,product_mng,low0.81,0.92,5,239,5,0,1,0,product_mng,low0.81,0.9,4,226,5,0,1,0,product_mng,medium0.85,0.98,5,248,5,0,1,0,product_mng,medium0.1,0.87,6,286,4,0,1,0,IT,medium0.37,0.54,2,145,3,0,1,0,RandD,medium0.09,0.97,7,254,4,1,1,0,RandD,medium0.44,0.53,2,127,3,0,1,0,RandD,medium0.86,0.93,5,223,5,0,1,0,RandD,medium0.77,1,4,255,5,0,1,0,RandD,medium0.41,0.48,2,136,3,0,1,0,marketing,medium0.4,0.48,2,137,3,0,1,0,sales,medium0.43,0.49,2,135,3,0,1,0,accounting,medium0.43,0.5,2,137,3,0,1,0,support,medium0.8,0.53,3,255,5,0,1,0,technical,high0.8,0.85,4,273,5,0,1,0,management,low0.82,0.98,5,234,5,0,1,0,marketing,medium0.37,0.54,2,152,3,0,1,0,marketing,medium0.37,0.48,2,134,3,0,1,0,marketing,medium0.09,0.95,6,292,4,0,1,0,sales,medium0.9,0.92,5,245,5,0,1,0,sales,low0.41,0.52,2,159,3,0,1,0,sales,low0.1,0.85,6,260,4,0,1,0,sales,low0.44,0.53,2,149,3,0,1,0,sales,low0.89,0.85,5,266,5,0,1,0,sales,low0.42,0.56,2,149,3,0,1,0,sales,low0.87,1,5,242,5,0,1,0,sales,low0.45,0.57,2,134,3,0,1,0,sales,low0.11,0.87,5,271,4,0,1,0,sales,low0.09,0.79,6,275,4,0,1,0,sales,low0.76,0.83,5,227,5,0,1,0,sales,low0.11,0.96,7,277,5,0,1,0,sales,low0.37,0.49,2,151,3,0,1,0,sales,low0.1,0.79,6,274,4,0,1,0,sales,low0.77,0.87,4,242,6,0,1,0,sales,low0.42,0.54,2,143,3,1,1,0,sales,low0.38,0.52,2,145,3,0,1,0,sales,low0.32,0.95,5,172,2,0,1,0,sales,low0.38,0.49,2,135,3,0,1,0,accounting,low0.19,1,4,192,4,0,1,0,accounting,low0.1,0.83,7,276,4,0,1,0,accounting,low0.76,0.88,4,206,4,0,1,0,hr,medium0.53,0.56,4,281,6,0,1,0,hr,medium0.39,0.51,2,151,3,0,1,0,hr,medium0.11,0.83,6,244,4,0,1,0,hr,medium0.1,0.94,6,309,4,0,1,0,technical,medium0.84,1,5,218,5,0,1,0,technical,medium0.82,0.99,4,263,6,0,1,0,technical,medium0.1,0.82,6,244,4,0,1,0,technical,medium0.59,0.49,7,263,4,0,1,0,technical,medium0.44,0.48,2,143,3,0,1,0,technical,medium0.89,0.95,2,181,5,0,1,0,technical,medium0.91,0.84,5,265,5,0,1,0,technical,medium0.66,0.57,5,161,5,0,1,0,technical,high0.11,0.87,7,282,5,0,1,0,technical,low0.43,0.51,2,155,3,0,1,0,technical,medium0.78,0.83,4,217,6,0,1,0,support,medium0.11,0.97,6,289,5,0,1,0,support,medium0.83,0.98,4,259,5,0,1,0,support,medium0.39,0.54,2,158,3,0,1,0,support,low0.38,0.55,2,158,3,0,1,0,support,low0.37,0.57,2,155,3,0,1,0,support,low0.44,0.48,2,146,3,0,1,0,support,low0.53,0.85,2,164,5,0,1,0,support,low0.09,0.96,6,259,4,0,1,0,support,low0.11,0.89,6,293,4,0,1,0,support,low0.83,0.96,5,275,5,0,1,0,support,low0.88,1,5,219,6,1,1,0,technical,low0.1,0.89,6,247,4,0,1,0,technical,low0.09,0.86,7,309,4,0,1,0,technical,low0.44,0.54,2,151,3,0,1,0,management,low0.39,0.51,2,129,3,0,1,0,IT,low0.87,0.94,4,274,5,0,1,0,IT,low0.74,0.99,4,233,5,0,1,0,IT,low0.1,0.95,7,289,4,0,1,0,IT,low0.74,0.82,4,239,6,0,1,0,IT,low0.75,0.99,5,221,5,0,1,0,product_mng,low0.41,0.56,2,150,3,0,1,0,product_mng,low0.41,0.45,2,144,3,1,1,0,product_mng,low0.09,0.9,7,289,4,0,1,0,product_mng,low0.09,0.8,6,301,5,0,1,0,IT,medium0.39,0.57,2,145,3,0,1,0,accounting,medium0.4,0.56,2,137,3,0,1,0,accounting,medium0.37,0.54,2,131,3,1,1,0,hr,medium0.1,0.84,6,246,4,0,1,0,hr,medium0.43,0.51,2,136,3,0,1,0,hr,medium0.75,0.85,5,240,6,1,1,0,marketing,medium0.37,0.56,2,156,3,0,1,0,sales,medium0.11,0.85,6,305,4,0,1,0,accounting,medium0.45,0.45,2,154,3,1,1,0,support,medium0.87,1,5,261,5,1,1,0,technical,medium0.11,0.94,7,244,4,0,1,0,management,medium0.45,0.54,2,129,3,0,1,0,marketing,high0.81,0.87,4,254,5,0,1,0,marketing,low0.77,0.91,5,236,5,0,1,0,marketing,medium0.89,0.92,5,237,5,0,1,0,sales,medium0.43,0.49,2,135,3,0,1,0,sales,medium0.78,1,5,236,5,0,1,0,sales,medium0.37,0.47,2,149,3,0,1,0,sales,low0.37,0.5,2,141,3,0,1,0,sales,low0.85,0.82,4,270,5,0,1,0,sales,low0.41,0.47,2,138,3,0,1,0,sales,low0.11,0.96,6,298,4,0,1,0,sales,low0.75,0.99,5,254,5,0,1,0,sales,low0.82,0.85,5,248,5,0,1,0,sales,low0.79,1,5,257,6,0,1,0,sales,low0.43,0.53,2,150,3,0,1,0,sales,low0.1,0.9,7,281,4,0,1,0,sales,low0.46,0.48,2,141,3,1,1,0,sales,low0.43,0.57,2,157,3,0,1,0,sales,low0.43,0.55,2,136,3,0,1,0,sales,low0.11,0.8,7,296,4,0,1,0,sales,low0.09,0.86,6,279,4,0,1,0,sales,low0.37,0.53,2,131,3,0,1,0,sales,low0.4,0.57,2,160,3,0,1,0,accounting,low0.1,0.77,7,291,4,0,1,0,accounting,low0.41,0.53,2,157,3,0,1,0,accounting,low0.79,0.58,3,294,4,0,1,0,hr,low0.11,0.79,7,310,4,0,1,0,hr,low0.1,0.97,6,282,4,0,1,0,hr,medium0.44,0.51,2,134,3,0,1,0,hr,medium0.25,0.46,4,214,4,0,1,0,technical,medium0.44,0.52,2,137,3,0,1,0,technical,medium0.73,1,4,252,5,0,1,0,technical,medium0.75,0.97,5,243,6,0,1,0,technical,medium0.36,0.47,2,148,3,0,1,0,technical,medium0.37,0.49,2,151,3,0,1,0,technical,medium0.39,0.49,2,129,3,0,1,0,technical,medium0.48,0.78,2,198,2,0,1,0,technical,medium0.57,0.72,4,275,6,0,1,0,technical,medium0.9,0.96,5,243,5,0,1,0,technical,medium0.39,0.55,2,159,3,0,1,0,technical,high0.44,0.51,2,145,3,0,1,0,support,low0.81,0.88,5,242,5,0,1,0,support,medium0.74,0.87,5,242,5,0,1,0,support,medium0.44,0.56,2,145,3,0,1,0,support,medium0.41,0.56,2,154,3,0,1,1,support,medium0.4,0.51,2,139,3,0,1,0,support,low0.46,0.57,2,152,3,0,1,0,support,low0.8,0.83,2,211,3,0,1,0,support,low0.87,0.9,5,258,5,0,1,0,support,low0.39,0.54,2,155,3,0,1,0,support,low0.38,0.55,2,148,3,0,1,0,support,low0.66,0.67,2,255,3,0,1,0,technical,low0.1,0.8,6,264,4,0,1,0,technical,low0.37,0.54,2,132,3,0,1,0,technical,low0.1,0.77,6,255,4,0,1,0,management,low0.09,0.87,5,263,4,0,1,0,IT,low0.86,0.84,5,222,5,0,1,0,IT,low0.11,0.9,6,263,4,0,1,0,IT,low0.37,0.46,2,157,3,0,1,0,IT,low0.11,0.92,7,307,4,0,1,0,IT,low0.77,0.98,5,259,6,0,1,0,product_mng,low0.84,0.94,5,222,6,0,1,0,product_mng,low0.1,0.84,7,250,4,0,1,0,product_mng,low0.83,0.9,5,245,5,0,1,0,product_mng,low0.11,0.79,6,292,4,0,1,0,IT,low0.86,0.92,5,252,5,0,1,0,RandD,low0.38,0.56,2,161,3,0,1,0,RandD,medium0.11,0.88,5,250,4,0,1,0,RandD,medium0.45,0.49,2,134,3,0,1,0,RandD,medium0.1,0.85,7,279,4,0,1,0,RandD,medium0.09,0.95,7,256,4,0,1,0,marketing,medium0.39,0.53,2,127,3,0,1,0,sales,medium0.37,0.47,2,138,3,1,1,0,accounting,medium0.81,0.97,5,243,5,0,1,0,support,medium0.09,0.9,7,296,4,0,1,0,technical,medium0.1,0.88,7,267,4,0,1,0,management,medium0.39,0.49,2,144,3,0,1,0,marketing,medium0.83,0.95,4,251,5,0,1,0,marketing,medium0.45,0.57,2,148,3,0,1,0,marketing,high0.43,0.51,2,141,3,0,1,0,sales,low0.8,0.75,3,268,2,0,1,0,sales,medium0.1,0.86,6,247,4,0,1,0,sales,medium0.1,0.55,2,247,4,0,1,0,sales,medium0.36,0.52,2,146,3,0,1,0,sales,medium0.38,0.5,2,140,3,0,1,0,sales,low0.78,0.98,5,263,6,0,1,0,sales,low0.44,0.49,2,145,3,0,1,0,sales,low0.41,0.46,2,156,3,1,1,0,sales,low0.72,0.85,5,244,6,0,1,0,sales,low0.46,0.54,2,144,3,0,1,0,sales,low0.1,0.9,7,286,4,0,1,0,sales,low0.34,0.67,4,141,2,0,1,0,sales,low0.11,0.89,6,260,5,0,1,0,sales,low0.38,0.56,2,154,3,0,1,0,sales,low0.82,0.92,5,225,5,0,1,0,sales,low0.39,0.57,2,127,3,0,1,0,sales,low0.44,0.53,2,140,3,0,1,0,sales,low0.43,0.52,2,147,3,0,1,0,sales,low0.84,0.83,4,227,5,0,1,0,accounting,low0.43,0.48,2,153,3,0,1,0,accounting,low0.37,0.52,2,128,3,0,1,0,accounting,low0.74,0.97,4,228,5,0,1,0,hr,low0.73,0.97,5,235,5,0,1,0,hr,low0.37,0.47,2,148,3,0,1,0,hr,low0.58,0.62,4,238,3,0,1,0,hr,low0.4,0.54,2,141,3,0,1,0,technical,medium0.51,0.83,5,249,4,0,1,0,technical,medium0.46,0.5,2,151,3,0,1,0,technical,medium0.45,0.54,2,129,3,0,1,0,technical,medium0.46,0.5,2,156,3,0,1,0,technical,medium0.39,0.45,2,134,3,0,1,0,technical,medium0.09,0.88,6,269,4,0,1,0,technical,medium0.09,0.77,6,290,4,0,1,0,technical,medium0.37,0.51,2,132,3,0,1,0,technical,medium0.1,0.89,7,308,4,0,1,0,technical,medium0.77,1,4,232,5,0,1,0,technical,medium0.79,0.86,5,235,5,0,1,0,support,medium0.43,0.55,2,130,3,0,1,0,support,high0.38,0.53,2,146,3,0,1,0,support,low0.77,0.91,5,221,6,0,1,0,support,medium0.44,0.5,2,130,3,0,1,0,support,medium0.39,0.46,2,136,3,0,1,0,support,medium0.78,0.89,5,274,6,0,1,0,support,medium0.1,0.79,6,256,5,0,1,0,support,low0.1,0.77,5,276,4,0,1,0,support,low0.75,0.85,5,267,5,0,1,0,support,low0.46,0.62,6,213,3,0,1,0,support,low0.91,0.97,4,274,6,0,1,0,technical,low0.1,0.92,6,258,4,0,1,0,technical,low0.72,0.6,3,153,5,0,1,0,technical,low0.11,0.95,6,245,4,0,1,0,management,low0.11,0.94,6,264,4,0,1,0,IT,low0.46,0.57,2,154,3,0,1,0,IT,low0.37,0.46,2,149,3,0,1,0,IT,low0.46,0.5,2,157,3,0,1,0,IT,low0.43,0.57,2,127,3,0,1,0,IT,low0.11,0.82,6,270,4,0,1,0,product_mng,low0.73,0.89,5,236,6,0,1,0,product_mng,low0.43,0.47,2,158,3,0,1,0,product_mng,low0.86,1,5,229,5,0,1,0,product_mng,low0.1,0.83,6,269,4,0,1,0,IT,low0.4,0.49,2,128,3,0,1,0,sales,low0.11,0.87,7,278,4,0,1,0,sales,low0.86,0.98,3,158,5,0,1,0,sales,low0.42,1,3,202,3,0,1,0,sales,medium0.79,0.84,4,240,5,0,1,0,sales,medium0.1,0.96,7,255,4,0,1,0,marketing,medium0.09,0.92,7,254,4,0,1,0,sales,medium0.09,0.82,6,257,4,0,1,0,accounting,medium0.87,1,4,228,5,0,1,0,support,medium0.36,0.49,2,145,3,0,1,0,technical,medium0.42,0.75,3,218,4,0,1,0,management,medium0.84,0.86,5,268,5,0,1,0,marketing,medium0.1,0.83,6,278,4,0,1,0,marketing,medium0.78,0.71,3,249,5,0,1,0,marketing,medium0.35,0.99,3,236,4,0,1,0,sales,medium0.1,0.81,7,291,4,0,1,0,sales,high0.11,0.8,6,306,4,0,1,0,sales,low0.43,0.48,2,135,3,0,1,0,sales,medium0.38,0.45,2,156,3,0,1,0,sales,medium0.46,0.54,2,143,3,0,1,0,sales,medium0.89,0.82,4,243,5,0,1,0,sales,medium0.45,0.5,2,147,3,0,1,0,sales,low0.44,0.53,2,159,3,0,1,0,sales,low0.74,0.54,5,216,3,0,1,0,sales,low0.45,0.54,2,152,3,0,1,0,sales,low0.79,0.93,4,226,5,0,1,0,sales,low0.79,0.91,5,271,5,0,1,0,sales,low0.11,0.87,6,255,4,0,1,0,sales,low0.42,0.48,2,140,3,0,1,0,sales,low0.64,0.9,6,252,2,0,1,0,sales,low0.4,0.55,2,159,3,0,1,0,sales,low0.84,0.98,5,270,5,0,1,0,sales,low0.73,0.92,5,232,5,0,1,0,sales,low0.4,0.51,2,144,3,0,1,0,accounting,low0.36,0.45,2,127,3,0,1,0,accounting,low0.43,0.47,2,131,3,0,1,0,accounting,low0.11,0.78,6,243,4,0,1,0,hr,low0.91,1,5,244,6,0,1,0,hr,low0.8,1,5,260,5,0,1,0,hr,low0.42,0.49,2,139,3,0,1,0,hr,low0.31,0.87,4,184,3,0,1,0,technical,low0.44,0.47,2,130,3,0,1,0,technical,low0.38,0.54,2,135,3,0,1,0,technical,medium0.45,0.56,2,146,3,0,1,0,technical,medium0.43,0.46,2,149,3,0,1,0,technical,medium0.45,0.46,2,153,3,1,1,0,technical,medium0.43,0.57,2,160,3,0,1,0,technical,medium0.43,0.49,2,160,3,0,1,0,technical,medium0.09,0.83,6,282,4,0,1,0,technical,medium0.43,0.47,2,128,3,0,1,0,technical,medium0.79,0.94,4,232,5,0,1,0,technical,medium0.85,0.58,3,226,2,0,1,0,support,medium0.38,0.45,2,129,3,0,1,0,support,medium0.11,0.92,7,255,4,0,1,0,support,medium0.83,0.99,5,258,5,0,1,0,support,high0.81,0.91,4,229,5,0,1,0,support,low0.42,0.56,2,143,3,0,1,0,support,medium0.11,0.87,6,257,4,0,1,0,support,medium0.11,0.85,7,275,4,0,1,0,support,medium0.1,0.89,7,291,4,0,1,0,support,medium0.5,0.54,5,153,4,0,1,0,support,low0.44,0.49,2,154,3,0,1,0,support,low0.11,0.9,6,301,4,0,1,0,technical,low0.39,0.52,2,134,3,0,1,0,technical,low0.11,0.78,6,245,4,0,1,0,technical,low0.36,0.5,2,132,3,0,1,0,management,low0.43,0.51,2,130,3,0,1,0,IT,low0.4,0.5,2,127,3,0,1,0,IT,low0.86,0.84,4,246,6,0,1,0,IT,low0.38,0.49,2,145,3,0,1,0,IT,low0.46,0.45,2,138,3,0,1,1,IT,low0.37,0.57,2,129,3,0,1,0,product_mng,low0.43,0.52,2,150,3,0,1,0,product_mng,low0.66,0.93,5,253,5,0,1,0,product_mng,low0.37,0.48,2,160,3,0,1,0,product_mng,low0.77,0.92,5,235,5,0,1,0,IT,low0.38,0.55,2,151,3,0,1,0,sales,low0.39,0.54,2,127,3,0,1,0,sales,low0.41,0.55,2,151,3,0,1,0,sales,low0.1,0.9,7,290,4,0,1,0,sales,low0.09,0.93,6,249,4,0,1,0,sales,low0.41,0.47,2,131,3,0,1,0,marketing,medium0.39,0.46,2,159,3,0,1,0,sales,medium0.83,0.99,4,223,5,0,1,0,accounting,medium0.09,0.87,3,214,2,0,1,0,support,medium0.75,0.81,5,227,5,0,1,0,technical,medium0.44,0.54,2,127,3,0,1,0,management,medium0.1,0.84,6,293,5,0,1,0,marketing,medium0.42,0.46,2,141,3,0,1,0,marketing,medium0.1,0.83,6,300,4,0,1,0,marketing,medium0.1,0.86,6,309,4,0,1,0,sales,medium0.31,0.77,4,149,3,0,1,0,sales,medium0.42,0.54,2,159,3,0,1,0,sales,medium0.38,0.5,2,152,3,0,1,0,sales,high0.39,0.57,2,158,3,0,1,0,sales,low0.1,0.97,6,254,5,0,1,0,sales,medium0.11,0.93,6,294,4,0,1,0,sales,medium0.1,0.92,7,269,4,0,1,0,sales,medium0.11,0.9,7,247,4,0,1,0,sales,medium0.44,0.65,3,271,4,0,1,0,sales,low0.91,0.96,4,232,5,0,1,0,sales,low0.72,1,4,245,5,0,1,0,sales,low0.36,0.46,2,132,3,0,1,0,sales,low0.44,0.57,2,131,3,0,1,0,sales,low0.85,0.99,5,248,5,0,1,0,sales,low0.78,0.93,5,225,5,0,1,0,sales,low0.39,0.46,2,156,3,0,1,0,sales,low0.78,0.81,3,222,2,0,1,0,sales,low0.1,0.92,6,243,4,1,1,0,sales,low0.23,0.99,4,204,4,1,1,0,accounting,low0.11,0.87,6,301,4,0,1,0,accounting,low0.9,0.83,5,259,5,0,1,0,accounting,low0.91,0.89,4,247,5,0,1,0,hr,low0.11,0.79,7,295,4,0,1,0,hr,low0.43,0.54,2,150,3,0,1,0,hr,low0.45,0.49,2,151,3,0,1,0,hr,low0.11,0.91,5,291,4,0,1,0,technical,low0.11,0.93,6,253,4,1,1,0,technical,low0.43,0.5,2,161,3,0,1,0,technical,low0.91,0.97,4,251,6,0,1,0,technical,low0.43,0.55,2,153,3,0,1,0,technical,medium0.85,0.82,5,264,6,0,1,0,technical,medium0.1,0.77,6,310,4,0,1,0,technical,medium0.81,0.95,5,266,5,0,1,0,technical,medium0.36,0.62,4,237,2,0,1,0,technical,medium0.45,0.54,2,138,3,0,1,0,technical,medium0.86,1,5,227,5,0,1,0,technical,medium0.71,1,4,300,5,0,1,0,support,medium0.11,0.97,7,310,4,0,1,0,support,medium0.84,0.93,5,236,5,0,1,0,support,medium0.09,0.97,7,288,4,0,1,0,support,medium0.38,0.49,2,127,3,0,1,0,support,medium0.15,0.55,6,139,4,0,1,0,support,high0.1,0.92,7,253,4,1,1,0,support,low0.8,0.97,4,218,5,1,1,0,support,medium0.84,0.97,5,251,5,0,1,0,support,medium0.11,0.87,6,264,4,0,1,0,support,medium0.89,0.79,3,149,2,0,1,0,support,medium0.45,0.51,2,138,3,0,1,0,technical,low0.11,0.93,7,284,4,0,1,0,technical,low0.74,0.93,5,244,5,0,1,0,technical,low0.41,0.5,2,128,3,0,1,0,management,low0.44,0.53,2,154,3,0,1,0,IT,low0.37,0.56,2,138,3,0,1,0,IT,low0.11,0.86,6,308,4,0,1,0,IT,low0.1,0.93,6,269,4,0,1,0,IT,low0.7,0.74,6,136,3,0,1,0,IT,low0.59,1,2,160,5,0,1,0,product_mng,low0.38,0.53,2,138,3,0,1,0,product_mng,low0.72,0.95,4,220,5,0,1,0,product_mng,low0.73,1,5,274,5,0,1,0,product_mng,low0.39,0.48,2,161,3,0,1,0,IT,low0.89,0.82,5,224,6,0,1,0,RandD,low0.89,1,4,260,5,0,1,0,RandD,low0.11,0.78,6,300,4,1,1,0,RandD,low0.43,0.56,2,133,3,0,1,0,RandD,low0.09,0.93,6,308,4,0,1,0,RandD,low0.81,0.9,5,238,6,0,1,0,marketing,low0.37,0.53,2,126,3,0,1,0,sales,low0.36,0.56,2,138,3,0,1,0,accounting,medium0.11,0.85,6,299,4,0,1,0,support,medium0.1,0.85,6,254,4,0,1,0,technical,medium0.66,0.47,7,156,2,0,1,0,management,medium0.39,0.47,2,152,3,0,1,0,marketing,medium0.44,0.51,2,146,3,0,1,0,marketing,medium0.1,0.84,6,253,4,0,1,0,marketing,medium0.79,0.94,5,227,6,0,1,0,sales,medium0.1,0.81,6,301,4,1,1,0,sales,medium0.54,0.94,6,294,3,0,1,0,sales,medium0.37,0.47,2,151,3,0,1,0,sales,medium0.37,0.57,2,128,3,0,1,0,sales,medium0.82,0.89,5,217,5,0,1,0,sales,high0.45,0.52,2,160,3,0,1,0,sales,low0.79,0.9,5,263,5,0,1,0,sales,medium0.42,0.56,2,156,3,0,1,0,sales,medium0.1,0.85,6,273,4,0,1,0,sales,medium0.11,0.78,6,303,4,0,1,0,sales,medium0.74,1,4,253,5,0,1,0,sales,low0.1,0.93,6,270,4,0,1,0,sales,low0.79,1,4,218,5,0,1,0,sales,low0.43,0.48,2,144,3,0,1,0,sales,low0.41,0.47,2,154,3,0,1,0,sales,low0.39,0.55,2,146,3,0,1,0,sales,low0.1,0.94,6,260,4,0,1,0,sales,low0.82,0.85,5,218,5,0,1,0,sales,low0.41,0.46,2,128,3,0,1,0,accounting,low0.42,0.56,2,128,3,0,1,0,accounting,low0.74,0.88,4,248,6,0,1,0,accounting,low0.38,0.57,2,152,3,1,1,0,hr,low0.39,0.56,2,126,3,0,1,0,hr,low0.87,0.94,4,260,5,0,1,0,hr,low0.1,0.9,5,263,4,0,1,0,hr,low0.78,1,5,220,5,0,1,0,technical,low0.14,0.73,7,282,5,0,1,0,technical,low0.11,0.94,6,277,5,0,1,0,technical,low0.91,0.94,5,257,5,0,1,0,technical,low0.49,0.63,6,265,3,0,1,0,technical,low0.38,0.47,2,143,3,0,1,0,technical,low0.82,0.97,5,263,5,0,1,0,technical,medium0.38,0.88,3,154,4,0,1,0,technical,medium0.89,1,5,253,5,0,1,0,technical,medium0.11,0.79,6,294,4,0,1,0,technical,medium0.37,0.51,2,128,3,0,1,0,technical,medium0.38,0.5,2,153,3,0,1,0,support,medium0.78,0.87,5,256,5,0,1,0,support,medium0.41,0.51,2,127,3,0,1,0,support,medium0.41,0.51,2,137,3,0,1,0,support,medium0.11,0.83,6,295,4,0,1,0,support,medium0.11,0.79,6,281,4,0,1,0,support,medium0.43,0.57,2,131,3,1,1,0,support,medium0.75,0.86,5,237,5,0,1,0,support,high0.74,0.99,4,276,5,0,1,0,support,low0.85,0.85,5,267,5,0,1,0,support,medium0.73,0.92,5,266,5,0,1,0,support,medium0.1,0.79,6,294,4,0,1,0,technical,medium0.44,0.56,2,134,3,0,1,0,technical,medium0.3,0.56,3,309,4,1,1,0,technical,low0.11,0.77,7,273,4,0,1,0,management,low0.84,0.83,5,238,5,0,1,0,IT,low0.78,0.94,5,271,6,0,1,0,IT,low0.43,0.53,2,145,3,0,1,0,IT,low0.36,0.55,2,152,3,0,1,0,IT,low0.43,0.47,2,128,3,0,1,0,IT,low0.45,0.46,2,142,3,0,1,0,product_mng,low0.76,0.93,5,238,5,0,1,0,product_mng,low0.1,0.78,7,286,4,0,1,0,product_mng,low0.09,0.86,6,291,4,0,1,0,product_mng,low0.92,1,5,259,5,0,1,0,IT,low0.92,0.9,5,248,5,0,1,0,sales,low0.79,0.98,4,271,5,0,1,0,sales,low0.43,0.51,2,140,3,0,1,0,sales,low0.8,0.95,4,274,5,0,1,0,sales,low0.44,0.49,2,127,3,1,1,0,sales,low0.89,0.87,5,275,6,0,1,0,marketing,low0.48,0.88,3,239,3,0,1,0,sales,low0.11,0.82,6,304,4,1,1,0,accounting,low0.38,0.55,2,145,3,0,1,0,support,low0.11,0.85,6,259,4,0,1,0,technical,medium0.82,0.86,4,264,5,0,1,0,management,medium0.37,0.45,2,160,3,0,1,0,marketing,medium0.4,0.48,2,138,3,0,1,0,marketing,medium0.43,0.47,2,137,3,0,1,0,marketing,medium0.44,0.5,2,156,3,0,1,0,sales,medium0.42,0.56,2,147,3,0,1,0,sales,medium0.11,0.8,7,243,4,0,1,0,sales,medium0.78,0.87,4,236,5,0,1,0,sales,medium0.46,0.86,2,212,4,0,1,0,sales,medium0.77,0.91,5,261,6,0,1,0,sales,medium0.83,0.82,4,243,5,0,1,0,sales,medium0.32,0.58,5,271,5,0,1,0,sales,high0.9,0.92,5,154,4,0,1,0,sales,low0.42,0.52,2,151,3,0,1,0,sales,medium0.1,0.96,6,254,4,1,1,0,sales,medium0.1,0.91,6,285,4,0,1,0,sales,medium0.44,0.49,2,130,3,0,1,0,sales,medium0.1,0.95,7,301,4,0,1,0,sales,low0.11,0.8,6,286,4,0,1,0,sales,low0.1,0.89,6,246,4,0,1,0,sales,low0.39,0.47,2,135,3,0,1,0,sales,low0.92,0.92,4,245,5,0,1,0,sales,low0.43,0.56,2,136,3,0,1,0,sales,low0.11,0.89,6,301,4,0,1,0,accounting,low0.81,1,5,235,5,0,1,0,accounting,low0.11,0.85,7,272,4,0,1,0,accounting,low0.87,1,5,274,5,0,1,0,hr,low0.37,0.46,2,131,3,0,1,0,hr,low0.39,0.56,2,135,3,0,1,0,hr,low0.61,0.86,4,196,4,0,1,0,hr,low0.11,0.95,6,285,4,0,1,0,technical,low0.09,0.9,7,289,5,0,1,0,technical,low0.36,0.52,2,157,3,0,1,0,technical,low0.09,0.94,6,308,4,0,1,0,technical,low0.41,0.71,4,301,5,0,1,0,technical,low0.4,0.46,2,131,3,0,1,0,technical,low0.1,0.91,6,262,5,1,1,0,technical,low0.46,0.53,2,143,3,1,1,0,technical,low0.39,0.57,2,133,3,0,1,0,technical,medium0.41,0.5,2,153,3,0,1,0,technical,medium0.1,0.94,7,281,4,0,1,0,technical,medium0.39,0.51,2,132,3,0,1,0,support,medium0.73,0.83,5,270,5,1,1,0,support,medium0.41,0.45,2,150,3,0,1,0,support,medium0.37,0.51,2,140,3,0,1,0,support,medium0.38,0.5,2,150,3,1,1,0,support,medium0.8,0.63,5,180,5,0,1,0,support,medium0.09,0.85,5,281,4,0,1,0,support,medium0.85,0.92,4,275,5,0,1,0,support,medium0.42,0.54,2,130,3,0,1,0,support,medium0.41,0.48,2,130,3,0,1,0,support,high0.38,0.46,2,147,3,0,1,0,support,low0.72,1,5,264,5,0,1,0,technical,medium0.11,0.74,6,290,5,0,1,0,technical,medium0.37,0.47,2,150,3,0,1,0,technical,medium0.1,0.81,6,304,4,0,1,0,management,medium0.36,0.54,2,136,3,0,1,0,IT,low0.92,0.94,5,307,5,0,1,0,IT,low0.11,0.87,5,303,4,0,1,0,IT,low0.39,0.56,2,156,3,0,1,0,IT,low0.11,0.95,6,271,4,0,1,0,IT,low0.45,0.45,2,140,3,0,1,0,product_mng,low0.44,0.55,2,130,3,1,1,0,product_mng,low0.85,0.97,4,266,6,0,1,0,product_mng,low0.43,0.52,2,139,3,0,1,0,product_mng,low0.75,0.86,5,260,5,0,1,0,IT,low0.11,0.55,2,137,3,1,1,0,RandD,low0.36,0.5,2,158,3,0,1,0,RandD,low0.1,0.79,6,249,4,0,1,0,RandD,low0.74,0.89,5,259,5,0,1,0,RandD,low0.4,0.46,2,144,3,0,1,0,RandD,low0.09,0.77,6,244,4,0,1,0,marketing,low0.76,0.91,4,219,5,0,1,0,sales,low0.45,0.57,2,151,3,0,1,0,accounting,low0.84,0.88,4,269,5,0,1,0,support,low0.38,0.45,2,127,3,0,1,0,technical,low0.38,0.46,2,144,3,0,1,0,management,low0.38,0.54,2,157,3,0,1,0,marketing,medium0.86,0.94,5,224,5,0,1,0,marketing,medium0.37,0.46,2,155,3,0,1,0,marketing,medium0.37,0.5,2,131,3,0,1,0,sales,medium0.87,1,4,258,5,1,1,1,sales,medium0.11,0.85,6,267,4,0,1,0,sales,medium0.42,0.5,2,141,3,0,1,0,sales,medium0.43,0.48,2,160,3,0,1,0,sales,medium0.09,0.8,6,247,4,0,1,0,sales,medium0.54,0.56,4,260,3,0,1,0,sales,medium0.4,0.47,2,151,3,0,1,0,sales,medium0.36,0.52,2,137,3,1,1,0,sales,medium0.87,0.9,4,256,5,0,1,0,sales,high0.75,0.88,4,239,5,0,1,0,sales,low0.43,0.53,2,152,3,0,1,0,sales,medium0.43,0.47,2,149,3,0,1,0,sales,medium0.1,0.87,6,284,4,0,1,0,sales,medium0.11,0.78,7,248,4,0,1,0,sales,medium0.44,0.53,2,156,3,0,1,0,sales,low0.39,0.48,2,138,3,0,1,0,sales,low0.4,0.55,2,155,3,0,1,0,sales,low0.92,0.87,4,229,6,0,1,0,sales,low0.36,0.47,2,136,3,0,1,0,accounting,low0.86,0.95,4,241,5,0,1,0,accounting,low0.74,0.87,5,258,5,0,1,0,accounting,low0.8,0.95,3,146,5,0,1,0,hr,low0.36,0.48,2,145,3,0,1,0,hr,low0.42,0.57,2,159,3,0,1,0,hr,low0.42,0.47,2,129,3,0,1,0,hr,low0.4,0.45,2,142,3,0,1,0,technical,low0.46,0.53,2,129,3,0,1,0,technical,low0.09,0.9,6,287,4,0,1,0,technical,low0.88,0.89,4,275,5,0,1,0,technical,low0.1,0.82,6,272,4,0,1,0,technical,low0.1,0.97,6,307,4,0,1,0,technical,low0.11,0.93,4,295,3,0,1,0,technical,low0.84,0.88,5,237,5,0,1,0,technical,low0.42,0.56,2,158,3,0,1,0,technical,low0.1,0.86,6,266,4,1,1,0,technical,low0.1,0.95,6,256,4,0,1,0,technical,medium0.46,0.54,2,158,3,0,1,0,support,medium0.09,0.97,7,268,4,0,1,0,support,medium0.89,1,4,237,5,0,1,0,support,medium0.82,1,4,273,6,0,1,0,support,medium0.11,0.89,6,309,4,0,1,0,support,medium0.81,0.84,5,258,5,0,1,0,support,medium0.81,0.94,5,233,6,0,1,0,support,medium0.77,1,4,249,6,0,1,0,support,medium0.63,0.94,3,179,2,0,1,0,support,medium0.4,0.57,2,128,3,0,1,0,support,medium0.86,1,4,250,6,0,1,0,support,medium0.37,0.49,2,151,3,0,1,0,technical,high0.44,0.5,2,132,3,0,1,0,technical,low0.74,0.89,5,232,6,0,1,0,technical,medium0.79,1,4,229,5,1,1,0,management,medium0.09,0.92,6,261,4,0,1,0,IT,medium0.37,0.48,2,129,3,0,1,0,IT,medium0.09,0.78,6,244,4,0,1,0,IT,low0.09,0.84,6,258,4,0,1,0,IT,low0.1,0.8,7,292,5,0,1,0,IT,low0.45,0.56,2,143,3,0,1,0,product_mng,low0.4,0.51,2,136,3,0,1,0,product_mng,low0.31,0.95,6,235,5,0,1,0,product_mng,low0.7,0.93,2,310,3,0,1,0,product_mng,low0.36,0.48,2,152,3,0,1,0,IT,low0.34,0.97,6,157,5,1,1,0,RandD,low0.87,0.83,5,267,5,0,1,0,RandD,low0.11,0.91,6,302,4,0,1,0,RandD,low0.47,0.81,4,133,3,0,1,0,RandD,low0.43,0.52,2,142,3,0,1,0,RandD,low0.43,0.47,2,129,3,0,1,0,marketing,low0.45,0.57,2,136,3,0,1,0,sales,low0.74,1,5,223,5,0,1,0,accounting,low0.1,0.89,6,244,4,1,1,0,support,low0.78,0.87,5,243,5,0,1,0,technical,low0.9,0.95,5,275,3,0,1,0,management,low0.53,0.95,6,205,4,0,1,0,marketing,low0.45,0.54,2,154,3,0,1,0,marketing,low0.86,0.83,4,270,5,0,1,0,marketing,medium0.74,0.89,4,267,5,0,1,0,sales,medium0.09,0.79,6,276,4,0,1,0,sales,medium0.8,0.95,5,244,5,0,1,0,sales,medium0.46,0.53,2,128,3,0,1,0,sales,medium0.86,0.95,5,269,6,0,1,0,sales,medium0.86,0.95,4,238,5,0,1,0,sales,medium0.9,0.91,4,269,5,0,1,0,sales,medium0.87,0.88,5,231,6,0,1,0,sales,medium0.83,0.94,4,267,5,0,1,0,sales,medium0.77,0.83,4,245,5,0,1,0,sales,medium0.77,1,4,272,5,0,1,0,sales,medium0.9,0.86,5,254,5,0,1,0,sales,high0.73,0.92,4,273,5,0,1,0,sales,low0.91,0.9,4,250,5,0,1,0,sales,medium0.36,0.53,2,133,3,0,1,0,sales,medium0.38,0.54,2,150,3,0,1,0,sales,medium0.44,0.46,2,157,3,0,1,0,sales,medium0.73,1,5,230,5,0,1,0,sales,low0.89,0.91,5,260,5,0,1,0,sales,low0.11,0.77,6,275,4,0,1,0,accounting,low0.1,0.77,7,308,4,0,1,0,accounting,low0.37,0.46,2,129,3,0,1,0,accounting,low0.38,0.48,2,134,3,0,1,0,hr,low0.42,0.48,2,132,3,0,1,0,hr,low0.44,0.46,2,153,3,0,1,0,hr,low0.11,0.83,6,262,4,0,1,0,hr,low0.09,0.97,7,262,4,0,1,0,technical,low0.43,0.47,2,130,3,0,1,0,technical,low0.38,0.52,2,156,3,0,1,0,technical,low0.11,0.89,6,254,4,0,1,0,technical,low0.37,0.49,2,130,3,0,1,0,technical,low0.44,0.57,2,139,3,0,1,0,technical,low0.72,0.82,5,269,5,0,1,0,technical,low0.1,0.91,7,297,4,0,1,0,technical,low0.73,0.86,5,249,5,0,1,0,technical,low0.09,0.82,7,267,4,0,1,0,technical,low0.44,0.46,2,149,3,0,1,0,technical,low0.09,0.82,6,251,4,0,1,0,support,low0.1,0.87,6,306,4,0,1,0,support,medium0.11,0.86,6,279,4,0,1,0,support,medium0.42,0.46,2,131,3,0,1,0,support,medium0.09,0.85,6,260,4,0,1,0,support,medium0.72,0.88,5,249,5,0,1,0,support,medium0.75,0.97,4,245,5,0,1,0,support,medium0.44,0.5,2,138,3,0,1,0,support,medium0.11,0.91,6,278,4,0,1,0,support,medium0.38,0.47,2,147,3,0,1,0,support,medium0.39,0.57,2,131,3,0,1,0,support,medium0.1,0.9,7,301,4,0,1,0,technical,medium0.43,0.52,2,141,3,0,1,0,technical,medium0.39,0.57,2,158,3,0,1,0,technical,high0.88,0.87,4,235,6,0,1,0,management,low0.1,0.85,7,261,4,0,1,0,IT,medium0.1,0.89,5,270,4,0,1,0,IT,medium0.11,0.93,6,290,4,0,1,0,IT,medium0.37,0.47,2,149,3,0,1,0,IT,medium0.37,0.48,2,160,3,0,1,0,IT,low0.77,0.87,4,150,4,0,1,0,product_mng,low0.91,0.94,5,218,6,0,1,0,product_mng,low0.46,0.51,2,155,3,0,1,0,product_mng,low0.11,0.87,6,291,4,0,1,0,product_mng,low0.86,0.91,5,265,5,0,1,0,IT,low0.87,0.88,5,262,6,0,1,0,sales,low0.09,0.92,6,303,5,0,1,0,sales,low0.42,0.46,2,132,3,0,1,0,sales,low0.82,0.83,4,245,5,1,1,0,sales,low0.46,0.48,2,129,3,0,1,0,sales,low0.88,1,5,226,6,0,1,0,marketing,low0.1,0.91,6,286,4,0,1,0,marketing,low0.43,0.45,2,140,3,0,1,0,sales,low0.37,0.49,2,153,3,0,1,0,accounting,low0.8,0.95,5,217,5,0,1,0,support,low0.83,0.95,5,258,5,0,1,0,technical,low0.39,0.57,2,156,3,0,1,0,management,low0.77,0.92,5,255,5,0,1,0,marketing,low0.43,0.46,2,129,3,0,1,0,marketing,low0.79,0.96,4,234,5,0,1,0,marketing,low0.39,0.55,2,152,3,1,1,0,sales,medium0.1,0.88,7,300,4,0,1,0,sales,medium0.39,0.53,2,131,3,0,1,0,sales,medium0.11,0.89,6,301,4,0,1,0,sales,medium0.4,0.51,2,156,3,0,1,0,sales,medium0.42,0.52,2,141,3,1,1,0,sales,medium0.57,0.85,4,219,2,1,1,0,sales,medium0.11,0.95,7,269,5,0,1,0,sales,medium0.36,0.73,4,276,2,0,1,0,sales,medium0.11,0.94,7,302,4,0,1,0,sales,medium0.35,0.8,6,281,2,0,1,0,sales,medium0.78,0.99,5,241,5,0,1,0,sales,medium0.11,0.93,7,288,4,0,1,0,sales,high0.1,0.96,6,303,4,0,1,0,sales,low0.42,0.54,2,135,3,0,1,0,sales,medium0.43,0.5,2,127,3,1,1,0,sales,medium0.79,0.84,5,245,5,0,1,0,sales,medium0.45,0.45,2,145,3,0,1,0,sales,medium0.09,0.91,6,248,4,0,1,0,sales,low0.11,0.91,6,302,4,0,1,0,accounting,low0.45,0.49,2,144,3,0,1,0,accounting,low0.11,0.91,6,272,4,0,1,0,accounting,low0.09,0.8,6,294,4,0,1,0,hr,low0.78,0.71,4,296,3,0,1,0,hr,low0.38,0.5,2,151,3,1,1,0,hr,low0.82,0.82,4,249,5,0,1,0,hr,low0.85,0.89,4,221,5,0,1,0,technical,low0.45,0.46,2,146,3,0,1,0,technical,low0.77,0.89,5,243,5,0,1,0,technical,low0.39,0.5,2,127,3,0,1,0,technical,low0.91,0.9,4,245,5,0,1,0,technical,low0.11,0.77,6,264,4,0,1,0,technical,low0.46,0.45,2,143,3,0,1,0,technical,low0.43,0.49,2,135,3,0,1,0,technical,low0.11,0.96,6,262,4,1,1,0,technical,low0.1,0.93,6,299,4,0,1,0,technical,low0.09,0.8,5,279,4,0,1,0,technical,low0.36,0.51,2,155,3,0,1,0,support,low0.11,0.89,6,264,4,0,1,0,support,low0.09,0.77,6,256,5,0,1,0,support,medium0.44,0.51,2,129,3,0,1,0,support,medium0.73,0.97,5,217,6,0,1,0,support,medium0.21,0.58,7,203,5,0,1,0,support,medium0.8,0.85,4,264,5,0,1,0,support,medium0.37,0.55,2,159,3,0,1,0,support,medium0.79,0.96,5,218,5,0,1,0,support,medium0.09,0.8,6,298,4,0,1,0,support,medium0.75,0.74,6,134,3,0,1,0,support,medium0.83,1,5,263,5,0,1,0,technical,medium0.1,0.77,5,252,4,0,1,0,technical,medium0.44,0.55,2,136,3,0,1,0,technical,medium0.42,0.97,6,259,4,0,1,0,management,high0.43,0.56,2,158,3,0,1,0,IT,low0.09,0.84,7,307,4,0,1,0,IT,medium0.44,0.53,2,152,3,0,1,0,IT,medium0.81,0.98,5,237,5,0,1,0,IT,medium0.1,0.79,7,284,4,0,1,0,IT,medium0.1,0.93,6,243,4,0,1,0,product_mng,low0.11,0.83,6,268,4,0,1,0,product_mng,low0.09,0.77,6,244,4,0,1,0,product_mng,low0.75,0.83,5,262,5,0,1,0,product_mng,low0.38,0.55,2,134,3,0,1,0,IT,low0.09,0.87,7,278,4,0,1,0,IT,low0.74,0.97,5,238,5,0,1,0,IT,low0.44,0.56,2,127,3,0,1,0,IT,low0.76,0.95,4,259,5,0,1,0,RandD,low0.42,0.56,2,146,3,0,1,0,RandD,low0.75,1,4,243,5,0,1,0,RandD,low0.36,0.52,2,137,3,0,1,0,marketing,low0.75,0.93,5,229,5,0,1,0,sales,low0.4,0.46,2,134,3,0,1,0,accounting,low0.75,0.89,4,228,5,0,1,0,support,low0.09,0.84,6,301,4,0,1,0,technical,low0.39,0.46,2,127,3,0,1,0,management,low0.4,0.48,2,142,3,0,1,0,marketing,low0.39,0.54,2,131,3,0,1,0,marketing,low0.1,0.85,7,310,5,0,1,0,marketing,low0.42,0.55,2,148,3,0,1,0,sales,low0.37,0.52,2,143,3,0,1,0,sales,medium0.11,0.98,6,250,4,0,1,0,sales,medium0.09,0.88,7,265,4,0,1,0,sales,medium0.41,0.54,2,152,3,0,1,0,sales,medium0.42,0.49,2,145,3,0,1,0,sales,medium0.4,0.49,2,140,3,0,1,0,sales,medium0.36,0.47,2,129,3,0,1,0,sales,medium0.74,0.9,4,226,5,0,1,0,sales,medium0.66,1,5,269,5,0,1,0,sales,medium0.38,0.47,2,152,3,0,1,0,sales,medium0.43,0.51,2,132,3,0,1,0,sales,medium0.43,0.53,2,148,3,0,1,0,sales,medium0.1,0.85,6,297,5,0,1,0,sales,high0.82,0.85,4,274,5,0,1,0,sales,low0.1,0.77,6,280,4,0,1,0,sales,medium0.1,0.93,6,288,4,0,1,0,sales,medium0.43,0.49,2,155,3,0,1,0,sales,medium0.09,0.94,7,247,4,0,1,0,sales,medium0.41,0.54,2,138,3,0,1,0,accounting,low0.1,0.82,7,284,4,0,1,0,accounting,low0.88,0.92,4,225,5,0,1,0,accounting,low0.43,0.57,2,151,3,1,1,0,hr,low0.42,0.5,2,155,3,0,1,0,hr,low0.85,1,4,234,5,0,1,0,hr,low0.38,0.49,2,144,3,0,1,0,hr,low0.39,0.47,2,142,3,0,1,0,technical,low0.41,0.48,2,126,3,0,1,0,technical,low0.88,0.92,4,233,6,0,1,0,technical,low0.78,0.96,4,241,5,0,1,0,technical,low0.45,0.48,2,138,3,0,1,0,technical,low0.09,0.95,6,260,4,1,1,0,technical,low0.44,0.56,2,145,3,0,1,0,technical,low0.11,0.84,6,252,4,0,1,0,technical,low0.36,0.51,2,143,3,0,1,0,technical,low0.86,0.98,4,270,5,0,1,0,technical,low0.1,0.92,6,285,4,0,1,0,technical,low0.45,0.53,2,149,3,0,1,0,support,low0.42,0.53,2,158,3,0,1,0,support,low0.36,0.55,2,134,3,0,1,0,support,low0.45,0.55,2,129,3,0,1,0,support,medium0.38,0.57,2,131,3,0,1,0,support,medium0.11,0.97,6,288,4,0,1,0,support,medium0.45,0.46,2,142,3,0,1,0,support,medium0.87,0.95,5,227,5,0,1,0,support,medium0.45,0.53,2,131,3,0,1,0,support,medium0.1,0.83,6,283,5,0,1,0,support,medium0.44,0.54,2,139,3,0,1,0,support,medium0.78,1,4,267,5,0,1,0,technical,medium0.38,0.56,2,148,3,0,1,0,technical,medium0.85,0.84,5,272,6,0,1,0,technical,medium0.36,0.48,2,148,3,1,1,0,management,medium0.75,0.88,5,270,5,0,1,0,IT,high0.81,0.81,4,218,5,1,1,0,IT,low0.4,0.55,2,150,3,0,1,0,IT,medium0.83,0.83,5,260,5,0,1,0,IT,medium0.41,0.52,2,127,3,0,1,0,IT,medium0.42,0.57,2,134,3,0,1,0,product_mng,medium0.09,0.83,7,258,4,0,1,0,product_mng,low0.87,0.81,5,304,5,0,1,0,product_mng,low0.43,0.56,6,149,4,0,1,0,product_mng,low0.39,0.51,2,139,3,0,1,0,IT,low0.1,0.9,6,272,5,0,1,0,RandD,low0.41,0.52,2,132,3,0,1,0,RandD,low0.72,1,2,240,2,0,1,0,RandD,low0.44,0.55,2,137,3,0,1,0,RandD,low0.38,0.5,2,139,3,0,1,0,RandD,low0.46,0.52,2,148,3,0,1,0,RandD,low0.4,0.49,2,149,3,0,1,0,marketing,low0.45,0.45,2,131,3,0,1,0,sales,low0.89,0.89,5,262,5,0,1,0,accounting,low0.1,0.97,7,284,4,0,1,0,support,low0.46,0.48,2,161,3,0,1,0,technical,low0.09,0.78,7,290,4,0,1,0,management,low0.45,0.57,2,149,3,0,1,0,marketing,low0.89,0.98,4,242,6,0,1,0,marketing,low0.62,0.77,5,227,4,0,1,0,marketing,low0.11,0.93,6,276,4,0,1,0,sales,low0.44,0.5,2,135,3,0,1,0,sales,low0.09,0.94,6,266,4,0,1,0,sales,medium0.56,0.75,5,236,2,0,1,0,sales,medium0.77,0.89,4,270,5,0,1,0,sales,medium0.39,0.49,2,146,3,0,1,0,sales,medium0.1,0.92,5,272,4,0,1,0,sales,medium0.72,0.85,5,246,5,0,1,0,sales,medium0.4,0.52,2,136,3,0,1,0,sales,medium0.11,0.81,6,260,4,0,1,0,sales,medium0.88,1,5,247,5,0,1,0,sales,medium0.37,0.51,2,127,3,0,1,0,sales,medium0.11,0.96,6,267,4,0,1,0,sales,medium0.4,0.52,2,143,3,0,1,0,sales,medium0.1,0.86,6,306,4,0,1,0,sales,high0.62,0.89,3,131,4,0,1,0,sales,low0.78,0.86,4,249,5,0,1,0,sales,medium0.37,0.52,2,144,3,0,1,0,sales,medium0.76,0.82,4,254,5,1,1,0,sales,medium0.42,0.53,2,131,3,0,1,0,accounting,medium0.1,0.77,6,272,4,0,1,0,accounting,low0.42,0.47,2,157,3,0,1,0,accounting,low0.1,0.96,7,301,4,0,1,0,hr,low0.1,0.81,6,252,4,0,1,0,hr,low0.42,0.47,2,130,3,0,1,0,hr,low0.09,0.86,6,297,4,0,1,0,hr,low0.1,0.8,6,248,4,0,1,0,technical,low0.11,0.89,7,257,4,0,1,0,technical,low0.44,0.53,2,147,3,0,1,0,technical,low0.87,0.9,3,307,5,0,1,0,technical,low0.44,0.46,2,154,3,0,1,0,technical,low0.41,0.56,2,143,3,0,1,0,technical,low0.51,0.79,4,134,3,0,1,0,technical,low0.89,0.96,5,221,5,0,1,0,technical,low0.1,0.96,6,275,4,0,1,0,technical,low0.9,0.94,5,247,5,0,1,0,technical,low0.36,0.55,2,131,3,0,1,0,technical,low0.44,0.54,2,150,3,0,1,0,support,low0.39,0.57,2,150,3,0,1,0,support,low0.38,1,5,137,4,0,1,0,support,low0.73,0.95,4,223,6,0,1,0,support,low0.1,0.96,6,292,4,0,1,0,support,medium0.89,0.83,5,130,4,1,1,0,support,medium0.87,0.85,5,221,6,0,1,0,support,medium0.84,0.89,4,245,5,1,1,0,support,medium0.11,0.77,6,274,4,0,1,0,support,medium0.74,1,5,248,5,0,1,0,support,medium0.79,0.97,4,243,5,0,1,0,support,medium0.1,0.92,7,273,4,0,1,0,technical,medium0.83,0.95,5,221,5,0,1,0,technical,medium0.1,0.79,6,271,4,0,1,0,technical,medium0.45,0.5,2,157,3,0,1,0,management,medium0.29,0.48,2,249,4,0,1,0,IT,medium0.46,0.46,2,145,3,0,1,0,IT,high0.11,0.83,6,262,5,0,1,0,IT,low0.75,0.89,5,272,5,0,1,0,IT,medium0.4,0.5,2,129,3,0,1,0,IT,medium0.37,0.46,2,134,3,0,1,0,product_mng,medium0.41,0.52,2,147,3,0,1,0,product_mng,medium0.1,0.83,6,293,4,0,1,0,product_mng,low0.39,0.52,2,129,3,0,1,0,product_mng,low0.4,0.45,2,140,3,0,1,0,IT,low0.41,0.52,2,132,3,0,1,0,RandD,low0.11,0.89,6,284,4,0,1,0,RandD,low0.74,0.99,5,263,5,0,1,0,RandD,low0.42,0.46,2,143,3,0,1,0,RandD,low0.88,0.88,4,265,5,0,1,0,RandD,low0.37,0.53,2,147,3,0,1,0,RandD,low0.78,0.81,4,253,5,0,1,0,marketing,low0.46,0.5,2,141,3,0,1,0,sales,low0.74,1,5,222,6,0,1,0,accounting,low0.11,0.86,6,273,4,1,1,0,support,low0.8,0.87,5,240,6,0,1,0,technical,low0.37,0.48,2,154,3,0,1,0,management,low0.87,0.92,4,253,6,0,1,0,marketing,low0.9,0.84,5,221,5,0,1,0,marketing,low0.1,0.88,6,263,4,0,1,0,marketing,low0.43,0.46,2,145,3,0,1,0,sales,low0.11,0.91,6,279,4,0,1,0,sales,low0.4,0.46,2,146,3,0,1,0,sales,low0.09,0.93,7,270,4,0,1,0,sales,medium0.4,0.5,2,135,3,0,1,0,sales,medium0.14,0.7,5,236,3,0,1,0,sales,medium0.4,0.49,2,151,3,0,1,0,sales,medium0.11,0.79,6,244,4,1,1,0,sales,medium0.72,1,4,169,3,0,1,0,sales,medium0.39,0.57,2,157,3,0,1,0,sales,medium0.82,0.93,4,246,5,0,1,0,sales,medium0.41,0.52,2,142,3,0,1,0,sales,medium0.45,0.51,2,156,3,0,1,0,sales,medium0.2,0.7,6,281,5,0,1,0,sales,medium0.43,0.53,2,146,3,0,1,0,sales,medium0.39,0.55,2,156,3,0,1,0,sales,high0.11,0.86,6,299,4,1,1,0,sales,low0.45,0.47,2,136,3,0,1,0,sales,medium0.11,0.87,6,272,4,0,1,0,sales,medium0.84,0.86,5,240,5,0,1,0,accounting,medium0.86,0.96,5,245,6,0,1,0,accounting,medium0.79,0.93,5,269,5,0,1,0,accounting,low0.39,0.57,2,130,3,0,1,0,hr,low0.15,0.62,4,257,3,0,1,0,hr,low0.81,1,4,241,5,0,1,0,hr,low0.39,0.53,2,136,3,0,1,0,hr,low0.92,0.94,4,219,5,0,1,0,technical,low0.9,0.98,5,271,5,0,1,0,technical,low0.32,0.6,2,280,4,0,1,0,technical,low0.46,0.46,2,140,3,0,1,0,technical,low0.83,0.98,4,254,5,0,1,0,technical,low0.39,0.47,2,131,3,0,1,0,technical,low0.2,0.9,6,138,3,0,1,0,technical,low0.11,0.85,6,295,4,0,1,0,technical,low0.11,0.96,6,301,5,0,1,0,technical,low0.1,0.95,7,296,4,0,1,0,technical,low0.75,0.87,5,246,5,0,1,0,technical,low0.44,0.57,2,145,3,0,1,0,support,low0.86,0.93,5,241,5,1,1,0,support,low0.1,0.82,6,269,4,0,1,0,support,low0.39,0.49,2,146,3,0,1,0,support,low0.45,0.48,2,149,3,0,1,0,support,low0.1,0.94,7,287,4,0,1,0,support,medium0.36,0.55,2,138,3,0,1,0,support,medium0.57,0.61,4,158,5,0,1,0,support,medium0.09,0.87,6,266,4,0,1,0,support,medium0.87,0.91,4,255,5,0,1,0,support,medium0.43,0.52,2,156,3,0,1,0,support,medium0.36,0.5,2,147,3,0,1,0,technical,medium0.91,0.99,5,265,5,1,1,0,technical,medium0.41,0.48,2,136,3,0,1,0,technical,medium0.37,0.52,2,140,3,0,1,0,management,medium0.43,0.45,2,146,3,0,1,0,IT,medium0.43,0.57,2,142,3,0,1,0,IT,medium0.4,0.53,2,155,3,0,1,0,IT,high0.1,0.89,7,285,4,0,1,0,IT,low0.76,0.99,4,253,5,1,1,0,IT,medium0.82,0.93,4,248,5,0,1,0,product_mng,medium0.11,0.83,7,255,5,0,1,0,product_mng,medium0.43,0.52,2,154,3,1,1,0,product_mng,medium0.11,0.88,7,305,4,0,1,0,product_mng,low0.41,0.48,2,141,3,0,1,0,IT,low0.73,0.87,5,252,5,0,1,0,RandD,low0.37,0.57,2,157,3,0,1,0,RandD,low0.11,0.89,6,250,4,0,1,0,RandD,low0.46,0.52,2,131,3,0,1,0,RandD,low0.41,0.5,2,149,3,0,1,0,RandD,low0.78,0.78,4,260,5,0,1,0,RandD,low0.78,0.86,5,260,6,0,1,0,marketing,low0.72,0.86,5,251,5,0,1,0,sales,low0.63,0.83,6,242,5,0,1,0,accounting,low0.55,1,6,136,3,0,1,0,support,low0.45,0.55,2,155,3,0,1,0,technical,low0.39,0.51,2,155,3,0,1,0,management,low0.1,0.81,6,248,4,0,1,0,marketing,low0.4,0.5,2,136,3,0,1,0,marketing,low0.39,0.54,2,133,3,0,1,0,marketing,low0.78,0.45,4,128,2,0,1,0,sales,low0.42,0.53,2,142,3,0,1,0,sales,low0.39,0.54,2,149,3,0,1,0,sales,low0.46,0.57,2,145,3,0,1,0,sales,low0.1,0.92,6,279,4,0,1,0,sales,medium0.45,0.47,2,146,3,0,1,0,sales,medium0.1,0.83,6,264,4,1,1,0,sales,medium0.1,0.89,7,272,4,0,1,0,sales,medium0.78,0.86,5,256,5,0,1,0,sales,medium0.4,0.65,2,296,5,0,1,0,sales,medium0.45,0.51,2,155,3,1,1,0,sales,medium0.39,0.56,2,130,3,0,1,0,sales,medium0.43,0.48,2,157,3,0,1,0,sales,medium0.09,0.96,6,245,4,0,1,0,sales,medium0.79,0.86,5,226,5,0,1,0,sales,medium0.44,0.47,2,156,3,1,1,0,sales,medium0.79,0.95,5,228,5,0,1,0,sales,high0.38,0.46,2,155,3,0,1,0,sales,low0.36,0.56,2,159,3,0,1,0,sales,medium0.39,0.57,2,142,3,0,1,0,accounting,medium0.09,0.93,6,271,4,0,1,0,accounting,medium0.16,0.65,4,277,5,0,1,0,accounting,medium0.09,0.77,6,310,4,0,1,0,hr,low0.11,0.87,6,254,4,0,1,0,hr,low0.44,0.56,2,142,3,0,1,0,hr,low0.11,0.88,7,253,4,0,1,0,hr,low0.11,0.97,6,260,4,0,1,0,technical,low0.45,0.52,2,147,3,0,1,0,technical,low0.1,0.96,7,288,4,0,1,0,technical,low0.4,0.46,2,160,3,0,1,0,technical,low0.38,0.55,2,130,3,0,1,0,technical,low0.39,0.56,2,133,3,0,1,0,technical,low0.38,0.55,2,160,3,0,1,0,technical,low0.38,0.45,2,151,3,0,1,0,technical,low0.17,0.75,3,188,4,0,1,0,technical,low0.79,0.84,5,247,5,0,1,0,technical,low0.1,0.85,7,259,4,0,1,0,technical,low0.37,0.48,2,129,3,0,1,0,support,low0.42,0.49,2,152,3,0,1,0,support,low0.44,0.48,2,128,3,0,1,0,support,low0.11,0.83,6,253,4,0,1,0,support,low0.39,0.48,2,151,3,0,1,0,support,low0.1,0.83,5,271,5,0,1,0,support,low0.4,0.46,2,155,3,0,1,0,support,medium0.86,0.91,5,245,5,0,1,0,support,medium0.37,0.46,2,157,3,0,1,0,support,medium0.4,0.51,2,160,3,0,1,0,support,medium0.43,0.48,2,149,3,0,1,0,support,medium0.88,0.88,5,248,5,0,1,0,technical,medium0.44,0.52,2,128,3,0,1,0,technical,medium0.87,1,4,224,5,0,1,0,technical,medium0.4,0.46,2,156,3,0,1,0,management,medium0.45,0.52,2,143,3,0,1,0,IT,medium0.84,0.93,4,250,5,0,1,0,IT,medium0.1,0.68,3,179,3,0,1,0,IT,medium0.72,0.99,5,257,5,0,1,0,IT,high0.4,0.5,2,127,3,0,1,0,IT,low0.45,0.5,2,145,3,0,1,0,product_mng,medium0.89,0.98,5,274,5,0,1,0,product_mng,medium0.4,0.55,2,131,3,0,1,0,product_mng,medium0.38,0.53,2,136,3,0,1,0,product_mng,medium0.38,0.47,2,140,3,1,1,0,IT,low0.1,0.82,7,265,4,0,1,0,RandD,low0.42,0.48,2,148,3,1,1,0,RandD,low0.74,0.86,5,262,5,0,1,0,RandD,low0.1,0.8,6,261,4,0,1,0,RandD,low0.82,0.9,5,248,5,0,1,0,RandD,low0.38,0.55,2,131,3,0,1,0,marketing,low0.41,0.56,2,160,3,0,1,0,sales,low0.4,0.47,2,152,3,0,1,0,accounting,low0.83,0.98,4,249,5,0,1,0,support,low0.36,0.57,2,144,3,0,1,0,technical,low0.75,0.98,4,245,5,0,1,0,management,low0.44,0.53,2,146,3,0,1,0,marketing,low0.1,0.94,6,297,5,0,1,0,marketing,low0.39,0.52,2,148,3,1,1,0,marketing,low0.09,0.84,7,260,4,0,1,0,sales,low0.4,0.57,2,152,3,0,1,0,sales,low0.41,0.54,2,135,3,0,1,0,sales,low0.83,0.92,4,235,5,0,1,0,sales,low0.42,0.47,2,145,3,0,1,0,sales,low0.61,0.46,5,220,4,0,1,0,sales,low0.44,0.52,2,128,3,0,1,0,sales,medium0.77,0.81,5,237,5,0,1,0,sales,medium0.81,0.95,4,275,5,0,1,0,sales,medium0.1,0.78,6,310,4,0,1,0,sales,medium0.73,0.84,5,251,6,0,1,0,sales,medium0.09,0.83,6,250,4,0,1,0,sales,medium0.9,0.99,4,259,6,0,1,0,sales,medium0.88,1,4,259,5,0,1,0,sales,medium0.09,0.87,7,305,4,0,1,0,sales,medium0.4,0.56,2,130,3,1,1,0,sales,medium0.17,0.55,6,250,5,0,1,0,sales,medium0.82,0.82,5,220,6,0,1,0,sales,medium0.9,0.83,4,266,5,0,1,0,sales,high0.83,0.92,4,255,5,0,1,0,accounting,low0.44,0.5,2,154,3,0,1,0,accounting,medium0.5,0.85,4,138,3,0,1,0,accounting,medium0.14,0.61,6,291,5,0,1,0,hr,medium0.77,0.82,4,217,5,0,1,0,hr,medium0.09,0.83,6,286,4,0,1,0,hr,low0.11,0.88,6,290,4,0,1,0,hr,low0.44,0.57,2,148,3,0,1,0,technical,low0.43,0.52,2,146,3,0,1,0,technical,low0.12,0.8,5,136,2,0,1,0,technical,low0.1,0.86,7,261,5,0,1,0,technical,low0.1,0.96,6,274,4,0,1,0,technical,low0.4,0.48,2,132,3,0,1,0,technical,low0.41,0.47,2,145,3,0,1,0,technical,low0.37,0.48,2,153,3,0,1,0,technical,low0.4,0.48,2,139,3,0,1,0,technical,low0.74,0.96,4,231,5,0,1,0,technical,low0.39,0.48,2,154,3,0,1,0,technical,low0.11,0.9,5,307,4,0,1,0,support,low0.36,0.51,2,129,3,0,1,0,support,low0.8,0.83,5,275,5,0,1,0,support,low0.6,0.85,3,250,2,0,1,0,support,low0.36,0.54,2,158,3,0,1,0,support,low0.1,0.96,6,310,5,0,1,0,support,low0.65,0.86,2,181,2,0,1,0,support,low0.49,0.73,4,244,3,0,1,0,support,low0.73,0.96,5,256,6,1,1,0,support,medium0.11,0.8,6,259,5,0,1,0,support,medium0.73,0.91,4,247,5,0,1,0,support,medium0.43,0.46,2,129,3,0,1,0,technical,medium0.73,0.93,5,229,5,0,1,0,technical,medium0.76,0.85,5,236,6,0,1,0,technical,medium0.09,0.96,6,281,4,0,1,0,management,medium0.9,0.81,5,264,5,0,1,0,IT,medium0.1,0.81,6,308,4,0,1,0,IT,medium0.43,0.48,2,147,3,0,1,0,IT,medium0.41,0.55,2,159,3,0,1,0,IT,medium0.41,0.57,2,154,3,0,1,0,IT,medium0.1,0.87,6,307,4,0,1,0,product_mng,high0.4,0.46,2,132,3,0,1,0,product_mng,low0.4,0.53,2,152,3,0,1,0,product_mng,medium0.36,0.48,5,310,3,0,1,0,product_mng,medium0.83,0.95,5,230,5,0,1,0,IT,medium0.83,0.94,5,273,5,0,1,0,RandD,medium0.41,0.51,2,144,3,0,1,0,RandD,low0.11,0.93,7,296,4,0,1,0,RandD,low0.68,0.62,5,198,5,1,1,0,RandD,low0.43,0.53,2,157,3,0,1,0,RandD,low0.44,0.51,2,145,3,0,1,0,marketing,low0.87,0.94,5,219,5,0,1,0,marketing,low0.43,0.54,2,153,3,0,1,0,sales,low0.89,0.48,3,178,5,0,1,0,accounting,low0.83,0.88,5,239,5,0,1,0,support,low0.11,0.87,6,278,5,0,1,0,technical,low0.85,1,6,260,3,1,1,0,management,low0.89,0.97,4,264,5,0,1,0,marketing,low0.09,0.92,7,301,4,0,1,0,marketing,low0.43,0.55,4,134,3,0,1,0,marketing,low0.42,0.46,2,147,3,0,1,0,sales,low0.43,0.54,2,130,3,0,1,0,sales,low0.1,0.93,6,307,4,0,1,0,sales,low0.37,0.46,2,156,3,0,1,0,sales,low0.76,0.98,4,237,5,0,1,0,sales,low0.88,0.89,4,254,5,0,1,0,sales,low0.39,0.48,2,151,3,0,1,0,sales,low0.45,0.54,2,131,3,0,1,0,sales,medium0.91,0.95,5,241,5,0,1,0,sales,medium0.86,0.85,5,267,5,0,1,0,sales,medium0.39,0.53,2,153,3,0,1,0,sales,medium0.89,1,4,217,5,0,1,0,sales,medium0.11,0.86,6,254,4,0,1,0,sales,medium0.1,0.87,6,265,5,0,1,0,sales,medium0.38,0.57,2,146,3,0,1,0,sales,medium0.4,0.54,2,156,3,0,1,0,sales,medium0.86,0.97,5,269,5,0,1,0,sales,medium0.1,0.86,6,288,4,0,1,0,sales,medium0.1,0.85,6,283,4,0,1,0,sales,medium0.42,0.5,2,128,3,0,1,0,accounting,high0.36,0.46,2,130,3,0,1,0,accounting,low0.39,0.48,2,127,3,0,1,0,accounting,medium0.43,0.47,2,137,3,0,1,0,hr,medium0.36,0.49,2,133,3,0,1,0,hr,medium0.09,0.91,6,275,4,0,1,0,hr,medium0.42,0.55,2,146,3,0,1,0,hr,low0.42,0.46,2,135,3,0,1,0,technical,low0.91,0.89,5,217,5,0,1,0,technical,low0.41,0.56,2,154,3,0,1,0,technical,low0.11,0.78,6,247,4,0,1,0,technical,low0.09,0.83,6,295,5,0,1,0,technical,low0.83,1,5,224,5,0,1,0,technical,low0.11,0.78,6,281,4,0,1,0,technical,low0.1,0.93,7,258,4,0,1,0,technical,low0.42,0.55,2,150,3,0,1,0,technical,low0.1,0.97,7,282,4,0,1,0,technical,low0.38,0.51,2,138,3,0,1,0,technical,low0.77,0.98,4,238,6,0,1,0,support,low0.11,0.85,7,244,4,0,1,0,support,low0.87,0.97,5,250,6,0,1,0,support,low0.1,0.88,7,282,4,0,1,0,support,low0.1,0.89,7,253,4,0,1,0,support,low0.09,0.9,6,256,4,0,1,0,support,low0.84,0.85,5,260,5,0,1,0,support,low0.11,0.86,6,245,4,0,1,0,support,low0.81,0.97,5,230,5,0,1,0,support,low0.77,0.85,5,276,5,0,1,0,support,medium0.42,0.47,2,137,3,0,1,0,support,medium0.36,0.56,2,140,3,0,1,0,technical,medium0.81,0.83,5,269,6,0,1,0,technical,medium0.37,0.46,2,130,3,1,1,0,technical,medium0.1,0.96,6,264,4,0,1,0,management,medium0.14,0.55,6,175,5,0,1,0,IT,medium0.41,0.51,2,159,3,0,1,0,IT,medium0.44,0.55,2,128,3,0,1,1,IT,medium0.82,0.94,5,232,5,1,1,0,IT,medium0.67,0.54,3,166,5,0,1,0,IT,medium0.44,0.57,2,141,3,0,1,0,product_mng,medium0.42,0.54,2,143,3,0,1,0,product_mng,high0.84,0.83,4,239,5,0,1,0,product_mng,low0.86,1,4,232,5,0,1,0,product_mng,medium0.56,0.86,5,252,2,0,1,0,IT,medium0.09,0.93,6,255,4,0,1,0,RandD,medium0.1,0.81,7,270,4,0,1,0,RandD,medium0.39,0.54,2,149,3,0,1,0,RandD,low0.75,0.89,5,276,5,0,1,0,RandD,low0.43,0.55,2,159,3,0,1,0,RandD,low0.09,0.96,7,274,5,0,1,0,marketing,low0.83,0.94,4,264,5,0,1,0,sales,low0.59,1,3,156,4,0,1,0,accounting,low0.44,0.54,2,135,3,0,1,0,support,low0.38,0.49,2,128,3,0,1,0,technical,low0.76,0.98,5,242,5,0,1,0,management,low0.22,0.86,4,293,3,0,1,0,marketing,low0.4,0.46,2,141,3,0,1,0,marketing,low0.41,0.48,2,155,3,0,1,0,marketing,low0.38,0.51,2,141,3,0,1,0,sales,low0.45,0.68,4,212,4,1,1,0,sales,low0.39,0.56,2,160,3,0,1,0,sales,low0.45,0.47,2,150,3,0,1,0,sales,low0.42,0.53,2,132,3,1,1,0,sales,low0.1,0.87,6,248,4,0,1,0,sales,low0.78,0.96,5,272,5,0,1,0,sales,low0.39,0.56,2,160,3,0,1,0,sales,low0.1,0.87,7,299,4,0,1,0,sales,low0.1,0.8,6,292,4,0,1,0,sales,medium0.43,0.46,2,126,3,0,1,0,sales,medium0.38,0.45,2,132,3,0,1,0,sales,medium0.09,0.77,6,282,5,0,1,0,sales,medium0.39,0.53,2,141,3,0,1,0,sales,medium0.73,0.99,6,206,5,0,1,0,sales,medium0.38,0.49,2,140,3,0,1,0,sales,medium0.1,0.91,6,255,4,0,1,0,sales,medium0.41,0.54,2,133,3,0,1,0,sales,medium0.43,0.51,2,131,3,0,1,0,sales,medium0.79,0.96,4,257,5,0,1,0,accounting,medium0.1,0.81,6,269,4,0,1,0,accounting,medium0.11,0.97,6,254,4,0,1,0,accounting,high0.42,0.5,2,143,3,0,1,0,hr,low0.36,0.51,2,157,3,0,1,0,hr,medium0.63,0.93,5,163,3,0,1,0,hr,medium0.41,0.56,2,133,3,0,1,0,hr,medium0.36,0.46,2,157,3,0,1,0,technical,medium0.1,0.9,6,301,5,0,1,0,technical,low0.11,0.96,6,310,4,0,1,0,technical,low0.44,0.54,2,133,3,0,1,0,technical,low0.77,0.96,5,249,6,0,1,0,technical,low0.91,1,4,251,6,0,1,0,technical,low0.26,0.46,2,242,3,0,1,0,technical,low0.81,0.93,5,265,6,0,1,0,technical,low0.11,0.87,6,280,4,0,1,0,technical,low0.92,0.89,4,241,5,0,1,0,technical,low0.1,0.86,5,253,4,0,1,0,technical,low0.45,0.51,2,137,3,0,1,0,support,low0.11,0.94,6,266,4,0,1,0,support,low0.23,0.7,5,168,4,0,1,0,support,low0.86,0.95,4,270,5,0,1,0,support,low0.44,0.55,2,141,3,0,1,0,support,low0.41,0.56,2,133,3,0,1,0,support,low0.84,0.97,5,256,5,0,1,0,support,low0.42,0.52,2,160,3,0,1,0,support,low0.11,0.88,7,275,4,0,1,0,support,low0.38,0.46,2,160,3,0,1,0,support,low0.11,0.96,7,244,4,0,1,0,support,low0.1,0.83,6,271,4,0,1,0,technical,medium0.86,0.88,5,268,5,0,1,0,technical,medium0.91,1,4,253,5,1,1,0,technical,medium0.37,0.53,2,140,3,0,1,0,management,medium0.46,0.5,2,146,3,0,1,0,IT,medium0.1,0.89,6,259,5,0,1,0,IT,medium0.37,0.46,2,127,3,0,1,0,IT,medium0.4,0.48,2,161,3,0,1,0,IT,medium0.09,0.78,6,260,4,0,1,0,IT,medium0.11,0.89,6,272,4,0,1,0,product_mng,medium0.39,0.48,2,159,3,0,1,0,product_mng,medium0.89,0.96,4,219,6,0,1,0,product_mng,medium0.09,0.91,6,243,4,0,1,0,product_mng,high0.88,0.97,4,255,5,1,1,0,IT,low0.11,0.9,7,245,4,0,1,0,RandD,medium0.1,0.95,6,264,5,0,1,0,RandD,medium0.91,1,4,245,6,0,1,0,RandD,medium0.44,0.52,2,137,3,0,1,0,RandD,medium0.63,0.76,2,157,4,0,1,0,RandD,low0.1,0.87,7,247,4,0,1,0,marketing,low0.36,0.51,2,144,3,0,1,0,sales,low0.45,0.51,2,149,3,0,1,0,accounting,low0.73,1,5,253,6,0,1,0,support,low0.37,0.55,2,140,3,0,1,0,technical,low0.09,0.85,7,307,4,0,1,0,management,low0.41,0.71,3,205,4,0,1,0,marketing,low0.72,1,5,234,5,0,1,0,marketing,low0.36,0.54,2,127,3,0,1,0,marketing,low0.9,1,4,229,5,0,1,0,sales,low0.44,0.56,2,141,3,0,1,0,sales,low0.78,0.95,4,260,5,0,1,0,sales,low0.37,0.52,2,141,3,0,1,0,sales,low0.4,0.47,2,144,3,1,1,0,sales,low0.84,1,5,250,5,0,1,0,sales,low0.09,0.86,6,245,4,0,1,0,sales,low0.83,0.93,4,269,5,0,1,0,sales,low0.11,0.87,6,273,4,0,1,0,sales,low0.37,0.5,2,142,3,0,1,0,sales,low0.09,0.93,6,273,5,0,1,0,sales,low0.43,0.47,2,248,2,0,1,0,sales,medium0.39,0.56,2,147,3,0,1,0,sales,medium0.85,0.9,2,168,2,0,1,0,sales,medium0.38,0.52,2,128,3,0,1,0,sales,medium0.76,0.84,5,227,5,1,1,0,sales,medium0.44,0.51,2,135,3,0,1,0,sales,medium0.73,1,4,268,5,0,1,0,sales,medium0.43,0.53,2,136,3,0,1,0,sales,medium0.43,0.51,2,149,3,1,1,0,accounting,medium0.09,0.96,7,264,4,0,1,0,accounting,medium0.43,0.53,2,143,3,0,1,0,accounting,medium0.45,0.57,2,138,3,0,1,0,hr,medium0.42,0.48,2,146,3,0,1,0,hr,high0.41,0.46,2,150,3,1,1,0,hr,low0.44,0.55,2,156,3,0,1,0,hr,medium0.09,0.92,7,245,4,0,1,0,technical,medium0.41,0.51,2,156,3,0,1,0,technical,medium0.43,0.51,2,143,3,0,1,0,technical,medium0.38,0.51,2,159,3,0,1,0,technical,low0.85,0.96,4,217,5,0,1,0,technical,low0.88,0.91,4,234,6,0,1,0,technical,low0.44,0.46,2,138,3,0,1,0,technical,low0.11,0.92,7,265,4,0,1,0,technical,low0.38,0.5,2,145,3,0,1,0,technical,low0.09,0.78,6,263,4,0,1,0,technical,low0.11,0.79,6,264,4,0,1,0,technical,low0.11,0.88,6,253,4,0,1,0,support,low0.44,0.48,2,155,3,0,1,0,support,low0.38,0.51,2,137,3,0,1,0,support,low0.1,0.87,6,254,5,0,1,0,support,low0.45,0.57,2,143,3,0,1,0,support,low0.11,0.94,7,280,5,0,1,0,support,low0.36,0.48,2,136,3,0,1,0,support,low0.72,0.95,5,271,5,0,1,0,support,low0.43,0.48,2,157,3,0,1,0,support,low0.45,0.5,2,150,3,0,1,0,support,low0.4,0.53,2,127,3,0,1,0,support,low0.1,0.81,6,271,4,0,1,0,technical,low0.83,0.93,5,257,5,0,1,0,technical,low0.11,0.8,7,305,4,0,1,0,technical,medium0.43,0.5,2,152,3,0,1,0,management,medium0.38,0.5,2,144,3,0,1,0,IT,medium0.83,1,5,269,5,0,1,0,IT,medium0.11,0.82,7,285,4,0,1,0,IT,medium0.43,0.52,2,136,3,0,1,0,IT,medium0.11,0.88,6,294,4,0,1,0,IT,medium0.43,0.46,2,157,3,0,1,0,product_mng,medium0.1,0.89,6,280,4,0,1,0,product_mng,medium0.44,0.51,2,152,3,0,1,0,product_mng,medium0.82,0.91,5,276,6,0,1,0,product_mng,medium0.1,0.86,6,247,4,0,1,0,IT,medium0.1,0.95,5,286,4,0,1,0,RandD,high0.3,0.89,5,257,5,0,1,0,RandD,low0.1,0.93,6,258,4,0,1,0,RandD,medium0.39,0.5,2,151,3,0,1,0,RandD,medium0.14,0.47,4,175,2,0,1,0,RandD,medium0.82,0.92,4,252,5,0,1,0,marketing,medium0.1,0.85,6,266,4,0,1,0,sales,low0.09,0.9,6,295,4,0,1,0,accounting,low0.54,0.83,6,165,6,0,1,0,support,low0.61,0.58,2,264,4,0,1,0,technical,low0.1,0.79,6,275,4,0,1,0,management,low0.1,0.9,6,299,4,0,1,0,marketing,low0.36,0.49,2,147,3,0,1,0,marketing,low0.1,0.97,7,306,4,0,1,0,marketing,low0.84,1,5,242,5,0,1,0,sales,low0.38,0.51,2,159,3,0,1,0,sales,low0.41,0.49,2,147,3,0,1,0,sales,low0.37,0.51,2,154,3,1,1,0,sales,low0.43,0.56,2,129,3,0,1,0,sales,low0.46,0.53,2,161,3,0,1,0,sales,low0.09,0.84,6,269,4,0,1,0,sales,low0.78,0.86,5,274,5,0,1,0,sales,low0.45,0.53,2,159,3,0,1,0,sales,low0.42,0.47,2,135,3,0,1,0,sales,low0.46,0.53,2,147,3,0,1,0,sales,low0.39,0.49,2,142,3,0,1,0,sales,low0.36,0.51,2,130,3,0,1,0,sales,low0.43,0.53,2,147,3,0,1,0,sales,medium0.85,0.87,5,246,5,1,1,0,sales,medium0.11,0.92,6,281,4,0,1,0,sales,medium0.11,0.9,6,253,4,0,1,0,sales,medium0.38,0.47,2,128,3,0,1,0,sales,medium0.43,0.57,2,129,3,0,1,0,sales,medium0.75,1,5,223,6,0,1,0,accounting,medium0.11,0.92,6,269,4,0,1,0,accounting,medium0.1,0.9,7,269,4,0,1,0,accounting,medium0.1,0.81,7,244,5,0,1,0,hr,medium0.37,0.5,2,154,3,0,1,0,hr,medium0.11,0.93,5,140,5,0,1,0,hr,medium0.45,0.46,2,159,3,0,1,0,hr,high0.44,0.48,2,158,3,0,1,0,technical,low0.44,0.56,2,133,3,0,1,0,technical,medium0.11,0.77,6,247,4,0,1,0,technical,medium0.79,0.93,5,268,5,0,1,0,technical,medium0.8,0.9,5,267,5,0,1,0,technical,medium0.1,0.87,7,251,5,0,1,0,technical,low0.09,0.93,6,279,4,0,1,0,technical,low0.7,0.84,6,161,4,0,1,0,technical,low0.72,0.84,4,256,5,0,1,0,technical,low0.11,0.8,6,304,4,0,1,0,technical,low0.39,0.51,2,137,3,0,1,0,technical,low0.4,0.49,2,144,3,0,1,0,support,low0.43,0.54,2,142,3,0,1,0,support,low0.76,0.87,5,262,5,0,1,0,support,low0.4,0.48,2,142,3,0,1,0,support,low0.09,0.89,6,282,4,0,1,0,support,low0.37,0.54,2,157,3,0,1,0,support,low0.87,0.91,5,228,5,0,1,0,support,low0.1,0.86,6,283,4,0,1,0,support,low0.11,0.86,6,286,4,0,1,0,support,low0.43,0.5,2,148,3,0,1,0,support,low0.1,0.81,6,245,4,0,1,0,support,low0.11,0.95,6,279,4,0,1,0,technical,low0.85,0.87,5,245,5,0,1,0,technical,low0.37,0.49,2,138,3,0,1,0,technical,low0.44,0.52,2,141,3,0,1,0,management,low0.1,0.83,7,302,5,0,1,0,IT,medium0.11,0.89,6,268,4,0,1,0,IT,medium0.87,0.88,5,240,5,0,1,0,IT,medium0.39,0.49,2,127,3,0,1,0,IT,medium0.1,0.94,7,264,4,0,1,0,IT,medium0.44,0.53,2,155,3,0,1,0,product_mng,medium0.4,0.49,2,143,3,0,1,0,product_mng,medium0.76,0.98,5,217,6,0,1,0,product_mng,medium0.46,0.55,2,147,3,0,1,0,product_mng,medium0.9,0.92,4,271,5,0,1,0,IT,medium0.85,0.87,4,273,5,0,1,0,RandD,medium0.1,0.78,5,285,4,1,1,0,RandD,medium0.43,0.49,2,131,3,0,1,0,RandD,high0.2,0.5,5,135,6,0,1,0,RandD,low0.81,0.92,5,239,5,0,1,0,RandD,medium0.83,0.85,5,237,5,0,1,0,marketing,medium0.14,0.75,4,277,5,1,1,0,sales,medium0.1,0.84,5,303,5,0,1,0,accounting,medium0.91,0.98,4,242,6,0,1,0,support,low0.37,0.57,2,158,3,0,1,0,technical,low0.42,0.57,2,147,3,1,1,0,management,low0.39,0.68,2,282,5,0,1,0,marketing,low0.39,0.54,2,154,3,0,1,0,marketing,low0.44,0.52,2,149,3,0,1,0,marketing,low0.37,0.45,2,149,3,0,1,0,sales,low0.39,0.53,2,146,3,0,1,0,sales,low0.72,0.94,4,258,5,0,1,0,sales,low0.37,0.49,2,148,3,0,1,0,sales,low0.82,0.94,5,236,5,0,1,0,sales,low0.42,0.52,2,134,3,0,1,0,sales,low0.59,1,2,155,5,0,1,0,sales,low0.82,0.86,5,257,5,0,1,0,sales,low0.73,0.97,6,189,2,0,1,0,sales,low0.78,0.66,3,164,3,0,1,0,sales,low0.09,0.95,6,271,4,0,1,0,sales,low0.1,0.97,6,280,4,0,1,0,sales,low0.45,0.46,2,149,3,0,1,0,sales,low0.83,0.81,5,219,5,0,1,0,sales,low0.43,0.51,2,128,3,0,1,0,sales,low0.4,0.47,2,128,3,0,1,0,sales,medium0.43,0.46,2,157,3,0,1,0,sales,medium0.78,0.93,4,225,5,0,1,0,sales,medium0.39,0.45,2,140,3,0,1,0,sales,medium0.11,0.97,6,310,4,0,1,0,accounting,medium0.36,0.52,2,143,3,0,1,0,accounting,medium0.36,0.54,2,153,3,0,1,0,accounting,medium0.1,0.79,7,310,4,0,1,0,hr,medium0.4,0.47,2,136,3,0,1,0,hr,medium0.81,0.85,4,251,6,0,1,0,hr,medium0.4,0.47,2,144,3,0,1,0,hr,medium0.09,0.93,6,296,4,0,1,0,technical,medium0.76,0.89,5,238,5,0,1,0,technical,high0.73,0.93,5,162,4,0,1,0,technical,low0.38,0.49,2,137,3,0,1,0,technical,medium0.72,0.84,5,257,5,0,1,0,technical,medium0.4,0.56,2,148,3,0,1,0,technical,medium0.91,0.99,5,254,5,0,1,0,technical,medium0.85,0.85,4,247,6,0,1,0,technical,low0.9,0.7,5,206,4,0,1,0,technical,low0.46,0.55,2,145,3,0,1,0,technical,low0.43,0.57,2,159,3,1,1,0,technical,low0.89,0.88,5,228,5,1,1,0,support,low0.09,0.81,6,257,4,0,1,0,support,low0.4,0.48,2,155,3,0,1,0,support,low0.76,0.83,6,293,6,0,1,0,support,low0.4,0.57,2,151,3,0,1,0,support,low0.37,0.48,2,160,3,0,1,0,support,low0.37,0.53,2,143,3,0,1,0,support,low0.11,0.96,6,280,4,0,1,0,support,low0.37,0.52,2,158,3,0,1,0,support,low0.09,0.89,7,310,4,0,1,0,support,low0.88,0.86,5,258,5,0,1,0,support,low0.84,0.94,5,262,5,0,1,0,technical,low0.1,0.98,6,265,4,0,1,0,technical,low0.41,0.47,2,143,3,1,1,0,technical,low0.84,0.91,5,232,6,0,1,0,management,low0.41,0.55,2,161,3,0,1,0,IT,low0.53,0.76,5,132,6,0,1,0,IT,low0.42,0.47,2,139,3,1,1,0,IT,medium0.36,0.5,2,131,3,0,1,0,IT,medium0.38,0.52,2,161,3,0,1,0,IT,medium0.36,0.48,2,152,3,0,1,0,product_mng,medium0.46,0.54,2,138,3,0,1,0,product_mng,medium0.37,0.47,2,159,3,1,1,0,product_mng,medium0.42,0.49,2,153,3,0,1,0,product_mng,medium0.44,0.56,2,156,3,0,1,0,IT,medium0.92,0.82,5,265,5,0,1,0,RandD,medium0.1,0.79,6,301,5,0,1,0,RandD,medium0.76,1,4,220,6,0,1,0,RandD,medium0.11,0.79,6,247,4,0,1,0,RandD,medium0.43,0.48,2,136,3,0,1,0,RandD,high0.4,0.49,2,160,3,0,1,0,marketing,low0.11,0.84,7,310,4,0,1,0,sales,medium0.84,0.82,5,240,5,0,1,0,accounting,medium0.84,0.84,5,238,5,0,1,0,support,medium0.51,0.6,7,243,5,0,1,0,technical,medium0.66,0.91,5,248,4,0,1,0,management,low0.42,0.56,2,137,3,0,1,0,marketing,low0.38,0.49,2,155,3,0,1,0,marketing,low0.15,0.63,7,229,3,0,1,0,marketing,low0.38,0.53,2,140,3,0,1,0,sales,low0.43,0.54,2,156,3,0,1,0,sales,low0.37,0.57,2,147,3,0,1,0,sales,low0.11,0.92,7,293,4,0,1,0,sales,low0.41,0.53,2,157,3,0,1,0,sales,low0.84,0.96,4,247,5,0,1,0,sales,low0.4,0.51,2,148,3,0,1,0,sales,low0.58,0.74,4,215,3,0,0,0,sales,low0.82,0.67,2,202,3,0,0,0,sales,low0.45,0.69,5,193,3,0,0,0,sales,low0.78,0.82,5,247,3,0,0,0,sales,low0.49,0.6,3,214,2,0,0,0,sales,low0.36,0.95,3,206,4,0,0,0,sales,low0.54,0.37,2,176,2,0,0,0,sales,low0.99,0.91,5,136,4,0,0,0,sales,low0.5,0.75,6,127,3,0,0,0,sales,low0.74,0.64,4,268,3,0,0,0,sales,low0.56,0.58,4,258,3,0,0,0,sales,medium0.34,0.39,2,136,3,0,0,0,sales,medium0.48,0.94,5,255,6,0,0,0,accounting,medium0.73,0.62,3,218,3,0,0,0,accounting,medium0.59,0.87,3,268,4,0,0,0,accounting,medium0.81,0.57,3,224,2,0,0,0,hr,medium0.9,0.66,3,231,3,0,0,0,hr,medium0.41,0.84,6,191,6,0,0,0,hr,medium0.89,0.92,4,165,5,0,0,0,hr,medium0.48,0.84,4,252,3,0,0,0,technical,medium0.79,0.97,5,266,2,0,0,0,technical,medium0.98,0.66,5,248,3,0,0,0,technical,medium0.75,0.7,4,144,4,0,0,0,technical,high1,0.41,4,174,3,0,0,0,technical,low0.24,0.82,5,179,6,0,0,0,technical,medium0.84,0.43,6,246,4,0,0,0,technical,medium0.56,0.86,4,201,3,1,0,0,technical,medium0.92,0.93,4,208,3,0,0,0,technical,medium0.61,0.98,3,267,3,0,0,0,technical,low0.84,0.77,4,262,4,0,0,0,technical,low0.85,0.59,3,235,3,0,0,0,support,low0.67,0.57,2,160,4,0,0,0,support,low0.54,0.94,4,267,4,0,0,0,support,low0.75,0.56,5,175,4,0,0,0,support,low0.82,0.79,4,224,2,0,0,0,support,low0.76,0.6,4,177,2,0,0,0,support,low0.19,0.53,6,191,4,0,0,0,support,low0.61,0.41,3,138,3,0,0,0,support,low0.51,0.8,3,218,2,1,0,0,support,low0.52,0.88,3,179,2,1,0,0,support,low0.74,0.58,3,241,3,0,0,0,support,low0.98,0.91,4,240,3,0,0,0,technical,low0.71,0.92,3,202,4,0,0,0,technical,low0.33,0.88,6,260,3,0,0,0,technical,low0.98,0.97,3,196,3,0,0,0,management,low0.52,0.59,2,176,3,1,0,0,IT,low0.84,0.65,2,140,3,0,0,0,IT,low0.87,0.5,3,242,2,0,0,0,IT,low0.48,0.85,3,279,4,0,0,0,IT,low0.58,0.55,4,202,3,0,0,0,IT,medium0.58,0.84,5,228,3,0,0,0,product_mng,medium0.73,0.69,4,171,3,0,0,0,product_mng,medium0.68,0.54,4,153,3,0,0,0,product_mng,medium0.41,0.68,3,165,3,1,0,0,product_mng,medium0.85,0.6,3,182,3,0,0,0,IT,medium0.54,0.7,5,239,5,0,0,0,RandD,medium0.81,0.61,5,231,2,0,0,0,RandD,medium0.7,0.52,4,255,3,0,0,0,RandD,medium0.63,0.66,4,237,2,1,0,0,RandD,medium0.68,0.54,3,251,2,0,0,0,RandD,medium0.7,0.53,4,178,2,0,0,0,marketing,medium0.82,0.65,4,148,3,0,0,0,sales,high0.72,0.94,4,240,4,0,0,0,accounting,low0.77,0.78,3,269,3,0,0,0,support,medium0.86,0.91,4,147,3,0,0,0,technical,medium0.15,0.97,3,198,5,0,0,0,management,medium0.81,0.99,5,143,3,0,0,0,marketing,medium0.93,0.98,3,238,2,0,0,0,marketing,low0.62,0.74,4,213,4,0,0,0,marketing,low0.53,0.81,3,226,3,1,0,0,sales,low0.86,0.99,3,169,2,1,0,0,sales,low0.92,0.65,4,238,2,0,0,0,sales,low0.97,0.83,4,202,3,0,0,0,sales,low0.39,0.78,2,205,6,1,0,0,sales,low0.45,0.66,3,111,4,0,0,0,sales,low0.41,0.47,4,104,3,0,0,0,sales,low0.51,0.69,3,212,3,0,0,0,sales,low0.74,0.62,4,236,4,0,0,0,sales,low0.69,0.57,5,245,2,1,0,0,sales,low0.84,0.64,4,267,4,0,0,0,sales,low0.69,0.66,5,106,5,0,0,0,sales,low0.93,0.53,5,198,3,0,0,0,sales,low0.33,0.45,6,239,3,0,0,0,sales,low0.25,0.65,5,220,3,0,0,0,sales,low0.63,0.59,5,224,3,0,0,0,sales,low0.81,0.62,3,100,3,0,0,0,sales,low0.12,0.87,4,244,5,0,0,0,sales,low0.52,0.66,4,139,3,0,0,0,sales,low0.57,0.51,2,152,2,0,0,0,accounting,medium0.84,0.58,4,208,3,0,0,0,accounting,medium0.6,0.95,5,205,3,0,0,0,accounting,medium0.73,0.44,2,194,6,0,0,0,hr,medium0.2,0.58,3,209,5,0,0,0,hr,medium0.58,0.9,3,212,3,0,0,0,hr,medium0.48,0.56,2,151,3,0,0,0,hr,medium0.54,0.67,4,282,6,0,0,0,technical,medium0.86,1,4,256,3,0,0,0,technical,medium0.94,0.83,2,185,3,1,0,0,technical,medium0.76,0.74,5,132,3,0,0,0,technical,medium0.61,0.95,5,233,3,0,0,0,technical,medium0.56,0.94,4,215,2,0,0,0,technical,high1,0.74,3,220,4,0,0,0,technical,low0.15,0.53,6,222,3,0,0,0,technical,medium0.19,0.58,5,182,2,0,0,0,technical,medium0.17,0.73,5,258,4,0,0,0,technical,medium0.71,0.57,3,209,2,0,0,0,technical,medium0.86,0.79,3,242,2,0,0,0,support,low0.59,0.88,4,155,3,1,0,0,support,low0.74,0.76,5,104,4,0,0,0,support,low0.98,0.92,4,201,3,1,0,0,support,low0.93,0.75,5,143,3,0,0,0,support,low1,0.92,5,161,3,1,0,0,support,low0.59,0.81,4,200,2,0,0,0,support,low0.98,0.55,4,255,2,0,0,0,support,low0.35,0.5,5,227,2,0,0,0,support,low0.42,0.96,3,270,6,0,0,0,support,low0.61,0.85,5,230,3,0,0,0,support,low0.78,0.72,5,270,3,1,0,0,technical,low0.93,0.52,4,200,3,0,0,0,technical,low0.5,0.95,5,207,3,0,0,0,technical,low0.67,0.51,5,182,3,0,0,0,management,low0.75,0.85,4,234,3,0,0,0,IT,low0.79,0.51,4,237,2,0,0,0,IT,low0.84,0.89,4,187,2,1,0,0,IT,low0.72,0.5,3,257,6,0,0,0,IT,low0.57,0.48,2,194,2,0,0,0,IT,low0.73,0.52,4,162,3,0,0,0,product_mng,low0.74,0.58,4,148,2,0,0,0,product_mng,medium0.52,0.83,4,210,2,0,0,0,product_mng,medium0.56,0.76,3,213,2,1,0,0,product_mng,medium0.76,0.68,4,189,2,1,0,0,IT,medium0.82,0.93,4,185,2,0,0,0,RandD,medium0.76,0.83,3,186,2,1,0,0,RandD,medium0.62,0.59,3,128,3,0,0,0,RandD,medium0.48,0.8,4,268,3,0,0,0,RandD,medium0.64,0.77,3,213,3,1,0,0,RandD,medium0.74,0.82,4,142,2,0,0,0,marketing,medium0.52,0.43,2,199,2,0,0,0,sales,medium0.67,0.5,4,157,2,0,0,0,accounting,medium0.71,0.76,5,172,2,1,0,0,support,high0.72,0.63,3,176,3,1,0,0,technical,low0.33,0.58,2,183,2,0,0,0,management,medium0.91,0.56,4,270,2,0,0,0,marketing,medium0.88,0.68,5,157,4,1,0,0,marketing,medium0.96,0.6,4,185,3,0,0,0,marketing,medium0.97,0.68,3,167,3,0,0,0,sales,low0.27,0.59,5,226,5,0,0,0,sales,low0.65,0.64,3,223,4,0,0,0,sales,low0.68,0.73,3,257,3,0,0,0,sales,low0.68,0.46,4,143,3,0,0,0,sales,low0.69,0.74,3,215,2,0,0,0,sales,low0.79,0.99,3,194,4,0,0,0,sales,low0.74,0.92,5,193,3,0,0,0,sales,low0.8,0.83,3,163,3,0,0,0,sales,low0.38,0.94,5,252,5,0,0,0,sales,low0.26,0.83,3,168,3,0,0,0,sales,low0.81,0.86,3,231,3,0,0,0,sales,low0.67,0.54,2,141,2,0,0,0,sales,low0.55,0.81,4,260,2,0,0,0,sales,low0.87,0.71,3,132,2,0,0,0,sales,low0.46,0.69,2,159,2,0,0,0,sales,low0.63,0.57,4,177,3,1,0,0,sales,low0.54,0.96,4,248,3,0,0,0,sales,low1,0.49,3,185,2,0,0,0,sales,low0.97,0.66,4,149,2,0,0,0,accounting,low0.9,0.92,3,152,3,0,0,0,accounting,low0.75,0.7,3,129,3,0,0,0,accounting,medium0.92,0.84,4,208,2,0,0,0,hr,medium0.8,0.94,4,136,2,0,0,0,hr,medium0.57,0.81,3,142,2,0,0,0,hr,medium0.81,0.94,3,225,4,0,0,0,hr,medium0.64,0.6,3,143,3,0,0,0,technical,medium0.71,0.54,4,215,3,0,0,0,technical,medium0.35,0.58,3,229,6,1,0,0,technical,medium0.88,0.81,5,193,5,0,0,0,technical,medium0.13,0.59,5,160,5,0,0,0,technical,medium0.82,0.73,4,195,5,1,0,0,technical,medium0.17,0.92,4,189,2,0,0,0,technical,medium0.21,0.82,4,207,5,0,0,0,technical,high0.89,0.47,4,108,3,0,0,0,technical,low0.2,0.72,6,224,4,0,0,0,technical,medium0.99,0.81,5,180,3,1,0,0,technical,medium0.26,0.85,6,152,4,0,0,0,support,medium0.22,0.53,4,244,2,0,0,0,support,medium0.79,0.84,3,176,3,0,0,0,support,low0.73,0.79,4,145,2,1,0,0,support,low0.83,0.54,3,149,3,0,0,0,support,low0.42,0.54,3,122,4,0,0,0,support,low0.18,0.8,2,110,5,0,0,0,support,low0.92,0.91,4,222,2,0,0,0,support,low0.87,0.52,3,237,3,0,0,0,support,low0.72,0.65,4,224,3,0,0,0,support,low0.64,0.58,5,115,5,0,0,0,support,low1,0.66,4,180,3,0,0,0,technical,low0.83,0.65,4,162,3,0,0,0,technical,low0.98,0.58,4,136,3,0,0,0,technical,low0.7,0.87,3,260,2,0,0,0,management,low0.9,0.79,4,150,2,0,0,0,IT,low0.55,0.99,4,248,3,0,0,0,IT,low0.78,0.84,3,233,3,1,0,0,IT,low0.89,0.53,5,272,3,0,0,0,IT,low0.17,0.59,3,197,5,0,0,0,IT,low0.14,0.64,5,164,5,0,0,0,product_mng,low0.85,0.57,4,216,2,0,0,0,product_mng,low0.84,0.79,4,266,3,1,0,0,product_mng,low0.7,0.69,3,102,4,1,0,0,product_mng,medium0.16,0.98,5,284,5,0,0,0,IT,medium0.51,0.69,3,145,2,1,0,0,RandD,medium0.6,0.89,3,167,4,0,0,0,RandD,medium0.5,0.63,3,172,2,0,0,0,RandD,medium0.43,0.39,5,198,5,0,0,0,RandD,medium0.5,0.7,4,201,4,0,0,0,RandD,medium0.91,0.89,4,197,4,0,0,0,marketing,medium0.65,0.93,4,270,2,0,0,0,sales,medium0.59,0.52,2,149,3,0,0,0,accounting,medium0.89,0.56,3,256,3,0,0,0,support,medium0.97,0.6,3,162,3,0,0,0,technical,medium0.56,0.97,5,163,2,0,0,0,management,high0.76,0.93,3,266,3,1,0,0,marketing,low0.28,0.55,4,208,4,0,0,0,marketing,medium0.75,0.51,4,138,4,0,0,0,marketing,medium0.78,0.81,4,232,3,0,0,0,sales,medium0.26,0.63,6,100,4,0,0,0,sales,medium0.53,0.72,2,172,5,0,0,0,sales,low0.25,0.41,3,133,6,1,0,0,sales,low0.82,0.51,3,234,3,0,0,0,sales,low0.71,0.57,2,183,4,0,0,0,sales,low0.61,0.95,4,174,4,0,0,0,sales,low0.89,0.68,3,175,2,0,0,0,sales,low0.57,0.78,3,109,3,1,0,0,sales,low0.93,0.8,4,248,3,0,0,0,sales,low0.61,0.84,5,104,4,0,0,0,sales,low0.56,0.62,3,154,2,0,0,0,sales,low0.7,0.89,6,214,2,0,0,0,sales,low0.9,0.64,4,209,4,0,0,0,sales,low0.15,0.74,6,212,2,0,0,0,sales,low0.39,0.36,3,168,3,1,0,0,sales,low0.74,0.72,4,176,3,0,0,0,sales,low0.7,0.61,4,163,4,1,0,0,sales,low0.72,0.93,4,148,2,0,0,0,sales,low0.61,0.97,3,137,3,0,0,0,accounting,low0.96,1,5,162,3,0,0,0,accounting,low0.7,0.59,4,216,3,0,0,0,accounting,low0.92,0.49,3,240,2,0,0,0,hr,low0.72,0.56,4,176,2,0,0,0,hr,medium0.53,0.75,6,192,6,0,0,0,hr,medium0.67,0.85,3,160,4,0,0,0,hr,medium0.78,0.8,4,194,2,1,0,0,technical,medium0.53,0.75,4,239,2,1,0,0,technical,medium0.9,0.48,4,204,3,0,0,0,technical,medium0.16,0.9,5,258,3,0,0,0,technical,medium0.62,0.38,3,257,3,0,0,0,technical,medium0.62,0.98,4,137,3,0,0,0,technical,medium0.22,0.52,6,175,4,0,0,0,technical,medium0.91,0.82,3,183,3,0,0,0,technical,medium0.87,0.74,4,190,4,0,0,0,technical,medium0.95,0.69,3,225,2,0,0,0,technical,high0.99,0.75,3,215,3,0,0,0,technical,low0.99,0.57,3,176,4,1,0,0,support,medium0.77,0.99,4,153,3,1,0,0,support,medium0.75,0.68,3,150,2,1,0,0,support,medium0.83,0.54,4,259,5,0,0,0,support,medium0.61,0.39,3,99,2,0,0,0,support,low0.91,0.97,3,167,2,0,0,0,support,low0.47,0.64,3,192,3,0,0,0,support,low0.77,0.61,5,146,3,0,0,0,support,low0.55,0.51,3,190,3,0,0,0,support,low0.32,0.48,5,246,3,0,0,0,support,low0.96,0.67,6,190,3,0,0,0,support,low0.72,0.79,5,260,2,0,0,0,technical,low0.8,0.9,4,136,3,0,0,0,technical,low0.61,0.55,4,231,3,0,0,0,technical,low0.97,0.88,3,204,2,0,0,0,management,low0.63,0.93,4,201,3,0,0,0,IT,low0.92,0.92,3,159,3,0,0,0,IT,low0.94,0.74,5,171,3,0,0,0,IT,low0.79,0.72,6,240,4,0,0,0,IT,low0.75,0.73,2,152,4,0,0,0,IT,low0.78,0.99,3,151,3,1,0,0,product_mng,low0.96,0.45,6,232,2,1,0,0,product_mng,low0.65,0.68,4,128,5,0,0,0,product_mng,low0.18,0.94,3,187,6,1,0,0,product_mng,low0.94,0.51,3,160,2,0,0,0,IT,low0.84,0.79,4,259,3,0,0,0,RandD,medium0.67,0.54,2,136,2,0,0,0,RandD,medium0.71,0.5,4,253,3,0,0,0,RandD,medium0.56,0.64,3,260,3,0,0,0,RandD,medium0.29,0.56,5,231,6,0,0,0,RandD,medium0.47,0.9,3,101,2,1,0,0,marketing,medium0.4,0.69,2,174,3,0,0,0,sales,medium0.81,0.82,4,167,2,0,0,0,accounting,medium0.96,0.99,3,148,3,0,0,0,support,medium0.99,0.75,6,139,5,1,0,0,technical,medium0.75,0.77,4,136,3,0,0,0,management,medium0.75,0.74,4,153,2,0,0,0,marketing,medium1,0.86,4,161,2,0,0,0,marketing,high0.52,0.53,2,163,2,0,0,0,marketing,low0.98,0.74,3,164,3,0,0,0,sales,medium0.6,0.64,2,137,5,0,0,0,sales,medium0.38,0.44,3,137,3,0,0,0,sales,medium0.51,0.41,6,106,5,0,0,0,sales,medium0.91,0.61,2,272,2,0,0,0,sales,low0.56,0.62,5,238,3,0,0,0,sales,low0.58,0.69,4,223,4,0,0,0,sales,low0.51,0.53,3,201,2,0,0,0,sales,low0.91,0.55,6,97,4,0,0,0,sales,low0.8,0.98,2,232,6,1,0,0,sales,low0.55,0.83,4,199,3,0,0,0,sales,low0.62,0.53,3,141,3,0,0,0,sales,low0.62,0.6,3,171,2,0,0,0,sales,low0.87,0.58,4,212,3,0,0,0,sales,low0.65,0.5,5,270,2,0,0,0,sales,low0.51,0.64,3,267,2,0,0,0,sales,low0.98,0.77,3,134,2,1,0,0,sales,low0.13,0.43,4,165,5,0,0,0,sales,low0.78,0.76,5,168,4,1,0,0,sales,low0.6,0.98,3,262,2,0,0,0,accounting,low0.68,0.69,3,185,2,0,0,0,accounting,low0.55,0.84,3,237,3,0,0,0,accounting,low0.99,0.79,4,192,3,0,0,0,hr,low0.92,0.68,5,236,2,0,0,0,hr,low1,0.65,4,202,4,1,0,0,hr,low0.77,0.93,4,171,2,0,0,0,hr,medium0.86,0.7,5,160,3,0,0,0,technical,medium0.89,0.84,2,252,3,0,0,0,technical,medium0.58,0.55,5,206,3,0,0,0,technical,medium0.56,0.66,3,212,2,0,0,0,technical,medium0.38,0.64,3,111,3,0,0,0,technical,medium0.62,0.64,3,240,2,0,0,0,technical,medium0.66,0.77,2,171,2,0,0,0,technical,medium0.3,0.44,3,129,2,0,0,0,technical,medium0.82,0.83,3,271,2,0,0,0,technical,medium0.96,0.68,4,162,2,0,0,0,technical,medium0.66,0.95,3,191,3,0,0,0,technical,medium0.79,0.5,5,176,3,0,0,0,support,high0.97,0.77,3,182,2,1,0,0,support,low0.59,0.65,3,226,3,0,0,0,support,medium0.57,0.48,4,161,3,0,0,0,support,medium0.64,0.53,4,163,3,0,0,0,support,medium0.14,0.51,5,173,4,0,0,0,support,medium0.48,0.55,3,228,2,0,0,0,support,low0.78,1,3,139,3,0,0,0,support,low0.96,0.62,5,128,5,0,0,0,support,low0.82,0.97,3,115,2,1,0,0,support,low0.94,0.9,5,191,4,0,0,0,support,low0.95,0.66,4,183,3,0,0,0,technical,low0.59,0.43,3,173,3,0,0,0,technical,low0.69,0.89,4,174,2,0,0,0,technical,low0.74,0.72,3,213,3,0,0,0,management,low0.67,0.67,4,192,4,0,0,0,IT,low0.83,0.52,3,167,2,1,0,0,IT,low0.81,0.85,3,263,3,1,0,0,IT,low0.54,0.73,2,100,3,0,0,0,IT,low0.89,0.83,3,164,3,0,0,0,IT,low0.79,0.74,5,172,2,0,0,0,product_mng,low0.46,0.58,4,171,3,0,0,0,product_mng,low0.99,0.93,4,236,3,0,0,0,product_mng,low0.75,0.9,5,186,4,0,0,0,product_mng,low0.93,0.82,4,175,3,0,0,0,IT,low0.65,0.6,5,227,3,0,0,0,RandD,low0.19,0.63,4,142,6,0,0,0,RandD,low0.48,0.61,2,121,2,0,0,0,RandD,medium0.95,0.64,5,234,3,0,0,0,RandD,medium0.92,0.77,4,185,3,0,0,0,RandD,medium0.84,0.54,4,160,3,0,0,0,marketing,medium0.37,0.63,4,153,3,1,0,0,sales,medium0.22,0.74,3,199,6,0,0,0,accounting,medium0.64,0.54,3,166,2,0,0,0,support,medium0.72,0.88,2,247,3,0,0,0,technical,medium0.48,0.69,4,245,3,0,0,0,management,medium0.12,0.55,5,242,4,0,0,0,marketing,medium0.78,0.98,5,158,2,0,0,0,marketing,medium0.71,0.74,3,163,3,1,0,0,marketing,medium0.38,0.69,3,99,3,1,0,0,sales,high0.57,0.85,4,164,3,0,0,0,sales,low0.72,0.51,3,160,3,0,0,0,sales,medium0.6,0.57,2,184,3,0,0,0,sales,medium0.61,0.55,5,266,2,0,0,0,sales,medium0.67,0.64,4,190,2,0,0,0,sales,medium0.97,0.97,5,192,2,0,0,0,sales,low0.22,0.6,3,205,6,1,0,0,sales,low0.15,0.53,4,205,5,1,0,0,sales,low0.6,0.6,3,258,3,0,0,0,sales,low0.15,0.8,5,151,2,1,0,0,sales,low0.5,0.81,3,148,2,0,0,0,sales,low0.9,0.67,3,179,2,0,0,0,sales,low0.84,0.51,6,141,2,1,0,0,sales,low0.74,0.78,5,216,2,0,0,0,sales,low0.72,0.51,3,235,2,0,0,0,sales,low0.93,0.63,3,160,4,1,0,0,sales,low0.54,0.69,3,141,4,0,0,0,sales,low0.87,0.65,4,246,2,1,0,0,sales,low0.19,0.98,5,226,4,1,0,0,accounting,low0.33,0.4,4,212,2,1,0,0,accounting,low0.94,0.93,4,220,3,0,0,0,accounting,low0.77,0.49,4,266,2,0,0,0,hr,low0.48,0.82,3,183,2,0,0,0,hr,low0.7,0.74,5,263,3,1,0,0,hr,low0.54,0.93,4,161,4,1,0,0,hr,low0.61,0.98,4,199,2,0,0,0,technical,low0.97,0.4,4,258,4,1,0,0,technical,medium0.6,0.85,3,209,2,1,0,0,technical,medium0.93,0.84,5,135,3,0,0,0,technical,medium0.48,0.69,4,222,2,0,0,0,technical,medium0.16,0.76,5,192,3,0,0,0,technical,medium0.18,0.75,3,250,3,0,0,0,technical,medium0.84,0.75,3,187,3,1,0,0,technical,medium0.69,0.63,4,217,3,0,0,0,technical,medium0.22,0.88,4,213,3,1,0,0,technical,medium0.83,0.52,4,273,3,0,0,0,technical,medium0.58,0.5,2,132,3,0,0,0,support,medium0.61,0.62,4,140,3,1,0,0,support,medium0.67,0.5,4,173,2,1,0,0,support,high0.56,0.76,4,189,2,0,0,0,support,low0.74,0.74,3,156,3,0,0,0,support,medium0.92,0.97,4,238,5,1,0,0,support,medium0.81,0.68,5,230,2,0,0,0,support,medium0.48,0.49,4,242,2,1,0,0,support,medium0.73,0.72,4,197,3,0,0,0,support,low0.97,0.66,6,164,5,0,0,0,support,low0.15,0.51,6,248,5,0,0,0,support,low0.69,0.76,5,255,6,0,0,0,technical,low0.61,0.68,5,225,4,0,0,0,technical,low0.86,0.58,3,151,2,0,0,0,technical,low0.55,0.88,4,252,3,0,0,0,management,low0.9,0.74,4,206,4,1,0,0,IT,low0.65,0.4,2,141,2,0,0,0,IT,low0.81,0.92,5,259,3,0,0,0,IT,low0.65,0.86,5,250,3,0,0,0,IT,low0.47,0.86,4,169,6,0,0,0,IT,low0.93,0.53,3,200,3,1,0,0,product_mng,low0.77,0.9,4,104,5,0,0,0,product_mng,low0.87,0.82,6,176,3,0,0,0,product_mng,low0.87,0.84,5,137,2,0,0,0,product_mng,low0.65,0.75,2,151,3,0,0,0,IT,low0.21,0.7,6,130,6,1,0,0,RandD,low0.75,0.59,4,199,2,0,0,0,RandD,low0.72,0.86,4,191,2,0,0,0,RandD,low0.88,0.63,3,273,3,1,0,0,RandD,low0.66,0.58,3,205,3,0,0,0,RandD,medium0.8,0.75,3,181,3,0,0,0,marketing,medium0.22,0.55,4,261,3,1,0,0,sales,medium0.92,0.69,3,192,3,0,0,0,accounting,medium0.54,0.77,4,271,3,0,0,0,support,medium0.91,0.56,4,158,3,0,0,0,technical,medium0.77,0.83,4,231,2,0,0,0,management,medium0.61,0.51,3,156,3,1,0,0,marketing,medium0.48,0.9,4,201,4,0,0,0,marketing,medium0.25,0.69,3,187,4,0,0,0,marketing,medium0.91,0.7,3,132,4,0,0,0,sales,medium0.72,0.58,5,147,3,1,0,0,sales,medium0.77,0.71,4,223,3,0,0,0,sales,high0.41,0.4,2,194,2,0,0,0,sales,low0.51,0.49,4,234,2,0,0,0,sales,medium0.72,0.79,3,149,3,0,0,0,sales,medium0.47,0.57,3,162,3,1,0,0,sales,medium0.53,0.67,4,238,2,0,0,0,sales,medium0.65,0.52,5,149,3,0,0,0,sales,low0.18,0.75,4,170,5,0,0,0,sales,low0.61,0.48,3,250,2,0,0,0,sales,low0.86,0.72,4,167,2,0,0,0,sales,low0.14,0.77,4,166,5,0,0,0,sales,low0.63,0.8,3,205,2,0,0,0,sales,low0.79,0.57,3,250,3,0,0,0,sales,low0.78,0.97,4,142,3,0,0,0,sales,low0.14,0.52,4,217,6,0,0,0,sales,low0.85,0.54,3,139,3,0,0,0,sales,low0.85,0.75,4,139,3,0,0,0,sales,low0.91,0.76,5,152,3,0,0,0,accounting,low0.76,0.74,3,224,2,0,0,0,accounting,low0.62,0.72,5,180,3,0,0,0,accounting,low0.53,0.69,4,216,2,0,0,0,hr,low0.97,0.63,3,133,3,0,0,0,hr,low0.48,0.53,4,271,3,0,0,0,hr,low0.5,0.55,4,148,3,1,0,0,hr,low0.32,0.42,2,99,4,0,0,0,technical,low0.58,0.77,4,196,2,1,0,0,technical,low0.81,0.83,3,196,2,0,0,0,technical,low0.48,0.84,4,228,3,0,0,0,technical,medium0.96,0.88,4,165,2,0,0,0,technical,medium0.56,0.9,3,235,2,0,0,0,technical,medium0.63,0.96,4,167,2,0,0,0,technical,medium0.21,0.5,5,255,5,0,0,0,technical,medium0.94,0.78,3,184,3,1,0,0,technical,medium0.94,0.89,4,239,3,0,0,0,technical,medium0.96,0.54,3,153,2,0,0,0,technical,medium0.49,0.5,4,187,5,1,0,0,support,medium0.82,0.68,2,285,2,0,0,0,support,medium0.6,0.5,3,274,3,0,0,0,support,medium0.76,0.5,3,156,3,1,0,0,support,medium0.69,0.64,5,265,2,1,0,0,support,high1,0.94,4,144,3,0,0,0,support,low0.62,0.66,4,143,3,0,0,0,support,medium0.4,0.99,4,214,6,1,0,0,support,medium0.94,0.91,3,163,3,0,0,0,support,medium0.76,0.84,4,236,4,0,0,0,support,medium0.58,0.69,3,146,4,0,0,0,support,low0.85,0.78,4,106,2,0,0,0,technical,low0.45,0.52,2,105,3,0,0,0,technical,low0.13,0.67,3,181,4,0,0,0,technical,low0.24,0.5,5,174,4,0,0,0,management,low0.64,0.69,3,207,2,1,0,0,IT,low0.63,0.61,6,118,2,0,0,0,IT,low0.61,0.99,4,251,2,0,0,0,IT,low0.71,0.99,2,136,3,0,0,0,IT,low0.9,0.89,5,249,3,1,0,0,IT,low0.17,0.76,4,171,5,0,0,0,product_mng,low0.93,0.97,3,256,2,1,0,0,product_mng,low0.83,0.89,5,141,3,1,0,0,product_mng,low0.58,0.75,4,186,2,0,0,0,product_mng,low0.76,0.5,3,258,3,0,0,0,IT,low0.5,0.78,3,228,2,0,0,0,RandD,low0.22,0.81,5,205,4,0,0,0,RandD,low0.9,0.88,4,174,3,0,0,0,RandD,low0.7,0.63,3,155,4,1,0,0,RandD,low0.73,0.85,5,245,3,0,0,0,RandD,low0.84,0.87,3,271,3,0,0,0,marketing,low0.55,0.63,5,184,4,0,0,0,marketing,medium0.63,0.98,4,175,2,0,0,0,sales,medium0.51,0.92,3,224,3,0,0,0,accounting,medium0.81,0.76,4,177,3,0,0,0,support,medium0.8,0.96,4,268,3,0,0,0,technical,medium0.99,0.97,4,208,3,0,0,0,management,medium0.9,0.87,5,219,2,0,0,0,marketing,medium0.65,0.67,5,128,5,0,0,0,marketing,medium0.75,0.75,3,273,3,0,0,0,marketing,medium0.62,0.49,4,218,4,0,0,0,sales,medium0.61,0.63,5,230,3,0,0,0,sales,medium0.24,0.6,4,195,5,0,0,0,sales,medium0.71,0.63,3,254,3,1,0,0,sales,high0.49,0.8,2,275,2,0,0,0,sales,low0.44,0.66,3,162,2,0,0,0,sales,medium0.75,0.87,4,193,3,0,0,0,sales,medium0.74,0.84,3,239,4,0,0,0,sales,medium0.62,0.87,5,149,3,0,0,0,sales,medium0.51,0.58,3,155,3,0,0,0,sales,low0.61,0.59,5,271,2,0,0,0,sales,low0.56,0.49,5,163,3,0,0,0,sales,low0.79,0.76,3,160,3,0,0,0,sales,low0.68,0.75,6,274,5,0,0,0,sales,low0.9,0.84,2,199,3,0,0,0,sales,low0.83,0.93,5,241,3,0,0,0,sales,low0.94,0.82,3,187,3,0,0,0,sales,low0.21,0.65,5,223,3,1,0,0,sales,low0.58,0.87,3,268,2,0,0,0,sales,low0.52,0.38,6,169,3,0,0,0,accounting,low0.18,0.67,5,285,5,0,0,0,accounting,low0.94,0.91,5,254,3,0,0,0,accounting,low0.69,0.5,3,208,4,0,0,0,hr,low0.65,0.83,4,218,3,0,0,0,hr,low0.46,0.62,2,187,3,0,0,0,hr,low0.72,0.62,4,256,3,0,0,0,hr,low0.3,0.37,6,278,3,0,0,0,technical,low0.51,0.51,4,204,2,0,0,0,technical,low0.43,0.75,3,108,2,0,0,0,technical,low0.56,0.94,3,226,2,0,0,0,technical,low0.63,0.91,4,246,3,0,0,0,technical,medium0.61,0.55,5,260,3,0,0,0,technical,medium0.53,0.73,4,248,2,0,0,0,technical,medium0.87,0.75,3,132,3,0,0,0,technical,medium0.68,0.7,4,185,4,0,0,0,technical,medium0.78,0.84,3,269,2,0,0,0,technical,medium0.49,0.95,4,156,2,0,0,0,technical,medium0.96,0.81,3,212,3,0,0,0,support,medium0.83,0.74,3,221,2,0,0,0,support,medium0.48,0.67,5,273,3,0,0,0,support,medium0.63,0.86,4,271,3,1,0,0,support,medium0.87,0.38,4,183,5,0,0,0,support,medium0.21,0.9,4,271,6,0,0,0,support,high0.79,0.58,5,165,3,0,0,0,support,low0.8,0.96,3,257,5,0,0,0,support,medium0.78,0.82,4,143,3,0,0,0,support,medium0.67,0.65,5,156,2,0,0,0,support,medium0.67,0.71,3,190,3,1,0,0,support,medium0.26,0.67,2,242,6,0,0,0,technical,low0.89,0.83,5,267,4,0,0,0,technical,low0.7,0.53,4,152,3,0,0,0,technical,low0.51,0.48,5,136,4,0,0,0,management,low0.53,0.88,3,157,3,0,0,0,IT,low0.76,0.51,4,281,3,0,0,0,IT,low0.86,0.93,5,208,2,0,0,0,IT,low0.63,0.96,5,152,3,0,0,0,IT,low0.58,0.86,5,271,3,0,0,0,IT,low0.58,0.83,4,163,3,1,0,0,product_mng,low0.9,0.82,4,136,3,0,0,0,product_mng,low0.79,0.57,4,233,2,0,0,0,product_mng,low0.8,0.74,4,221,4,0,0,0,product_mng,low0.53,0.65,2,189,2,1,0,0,IT,low0.52,0.84,2,226,3,0,0,0,RandD,low0.82,0.59,5,201,3,0,0,0,RandD,low0.68,0.9,2,133,4,0,0,0,RandD,low0.21,0.61,3,173,2,0,0,0,RandD,low0.81,0.5,4,152,3,1,0,0,RandD,low0.57,0.9,3,256,4,0,0,0,RandD,low0.99,0.72,3,119,2,1,0,0,marketing,low0.9,1,4,207,3,0,0,0,sales,medium0.76,0.64,3,189,3,0,0,0,accounting,medium0.56,0.92,4,172,2,0,0,0,support,medium0.5,0.93,6,150,3,1,0,0,technical,medium0.48,0.89,5,179,3,0,0,0,management,medium0.99,0.97,3,257,2,0,0,0,marketing,medium0.76,0.8,5,229,2,0,0,0,marketing,medium0.93,0.97,4,227,3,0,0,0,marketing,medium0.99,0.78,4,140,3,0,0,0,sales,medium0.85,0.78,4,251,3,0,0,0,sales,medium0.63,0.95,4,137,3,0,0,0,sales,medium0.63,0.78,3,153,3,1,0,0,sales,medium0.5,0.65,5,242,3,0,0,0,sales,high0.52,0.57,3,150,3,0,0,0,sales,low0.63,0.99,3,247,3,0,0,0,sales,medium0.78,0.5,4,212,2,0,0,0,sales,medium0.98,0.53,3,234,3,0,0,0,sales,medium0.14,1,5,174,5,0,0,0,sales,medium0.7,0.9,3,225,2,0,0,0,sales,low0.88,0.6,4,224,2,0,0,0,sales,low0.72,0.62,3,270,4,0,0,0,sales,low0.88,0.51,4,139,3,0,0,0,sales,low0.71,0.51,3,248,4,0,0,0,sales,low0.6,0.85,3,172,2,0,0,0,sales,low0.88,0.86,4,224,3,1,0,0,sales,low0.55,0.72,5,232,4,0,0,0,sales,low0.85,0.55,4,260,2,1,0,0,sales,low0.84,0.51,2,117,4,0,0,0,accounting,low0.91,0.61,4,243,2,1,0,0,accounting,low0.82,0.62,4,202,2,0,0,0,accounting,low0.6,0.91,2,168,4,0,0,0,hr,low0.89,0.71,5,194,3,0,0,0,hr,low0.6,0.97,4,219,4,1,0,0,hr,low0.64,0.52,4,207,3,0,0,0,hr,low0.93,0.88,4,177,3,0,0,0,technical,low0.81,0.99,3,239,2,1,0,0,technical,low0.31,0.49,4,165,3,1,0,0,technical,low0.68,0.69,4,225,2,0,0,0,technical,low0.78,0.59,3,212,2,0,0,0,technical,low0.44,0.42,4,159,4,0,0,0,technical,medium0.64,0.93,4,233,2,1,0,0,technical,medium0.81,0.63,4,108,6,0,0,0,technical,medium0.5,0.49,3,214,3,0,0,0,technical,medium0.69,0.61,5,229,3,0,0,0,technical,medium0.77,0.75,4,223,3,0,0,0,technical,medium0.69,0.56,4,178,3,0,0,0,support,medium0.87,0.68,4,246,2,0,0,0,support,medium0.85,0.91,4,145,3,0,0,0,support,medium0.83,0.83,4,224,4,0,0,0,support,medium0.68,0.51,3,259,3,0,0,0,support,medium0.78,0.65,4,207,2,0,0,0,support,medium0.78,0.89,3,253,3,0,0,0,support,high0.93,0.68,4,196,2,1,0,0,support,low0.54,0.75,3,240,3,0,0,0,support,medium0.76,0.56,3,255,3,0,0,0,support,medium0.4,0.72,3,139,2,0,0,0,support,medium0.73,0.81,3,168,2,0,0,0,technical,medium0.86,0.98,5,233,3,0,0,0,technical,low0.38,0.68,5,211,6,0,0,0,technical,low0.71,0.48,5,114,3,0,0,0,management,low0.58,0.97,5,202,2,0,0,0,IT,low0.67,0.59,3,177,3,1,0,0,IT,low0.55,0.76,4,233,4,0,0,0,IT,low0.76,0.98,2,111,2,0,0,0,IT,low0.7,0.82,3,178,3,0,0,0,IT,low0.66,0.46,4,204,4,0,0,0,product_mng,low0.96,0.72,3,272,3,0,0,0,product_mng,low0.6,0.77,4,157,4,0,0,0,product_mng,low0.54,0.94,5,229,3,1,0,0,product_mng,low0.85,0.9,5,202,3,0,0,0,IT,low0.96,0.84,3,264,3,0,0,0,RandD,low0.86,0.62,3,256,3,1,0,0,RandD,low0.53,0.87,3,151,2,0,0,0,RandD,low0.91,0.95,3,251,3,0,0,0,RandD,low0.33,0.7,5,271,4,0,0,0,RandD,low0.75,0.73,4,274,2,0,0,0,RandD,low0.97,0.8,3,169,3,0,0,0,marketing,low0.68,0.51,4,176,4,1,0,0,sales,low0.68,0.7,5,168,2,0,0,0,accounting,medium0.57,0.87,4,171,2,0,0,0,support,medium0.87,0.9,4,214,3,0,0,0,technical,medium0.5,0.91,5,224,2,1,0,0,management,medium0.76,0.59,3,191,4,0,0,0,marketing,medium0.79,0.61,5,96,4,0,0,0,marketing,medium0.17,0.9,6,217,6,1,0,0,marketing,medium0.6,0.62,4,135,2,1,0,0,sales,medium0.89,0.67,3,226,3,0,0,0,sales,medium0.69,0.87,3,202,2,0,0,0,sales,medium0.68,0.85,2,180,6,0,0,0,sales,medium0.61,0.87,5,174,4,0,0,0,sales,medium0.63,0.5,3,140,2,0,0,0,sales,high0.5,0.96,4,147,3,0,0,0,sales,low0.49,0.74,2,263,3,1,0,0,sales,medium0.83,0.55,5,261,5,0,0,0,sales,medium0.59,0.71,2,176,2,1,0,0,sales,medium0.75,0.93,2,98,5,0,0,0,sales,medium0.66,0.48,3,192,3,1,0,0,sales,low0.68,0.51,4,157,3,0,0,0,sales,low0.73,0.58,5,230,3,0,0,0,sales,low0.98,0.53,4,192,2,1,0,0,sales,low0.86,0.65,3,161,3,0,0,0,sales,low0.5,0.55,3,176,3,0,0,0,sales,low0.76,0.76,3,216,3,0,0,0,sales,low0.3,0.47,4,176,2,0,0,0,sales,low0.3,0.86,3,276,5,1,0,0,accounting,low0.64,0.59,3,174,3,1,0,0,accounting,low0.59,0.75,3,106,2,0,0,0,accounting,low0.85,0.63,4,154,3,0,0,0,hr,low0.76,0.93,3,271,5,0,0,0,hr,low0.63,0.5,5,246,2,0,0,0,hr,low0.65,0.86,4,264,2,1,0,0,hr,low0.43,0.68,3,197,2,0,0,0,technical,low0.83,0.56,4,165,2,0,0,0,technical,low0.49,0.77,4,218,2,0,0,0,technical,low0.67,0.73,3,203,2,0,0,0,technical,low0.9,0.47,2,107,6,1,0,0,technical,low0.83,0.96,3,179,2,0,0,0,technical,low0.92,0.84,5,264,3,0,0,0,technical,medium0.83,0.7,5,154,3,0,0,0,technical,medium0.64,0.55,4,167,3,1,0,0,technical,medium0.93,0.97,4,158,3,1,0,0,technical,medium0.6,0.87,4,227,3,1,0,0,technical,medium0.74,0.69,3,230,2,0,0,0,support,medium0.56,0.75,5,143,5,0,0,0,support,medium0.61,0.77,4,142,3,0,0,0,support,medium0.63,0.62,4,184,4,0,0,0,support,medium0.24,0.62,5,169,4,0,0,0,support,medium0.17,0.56,5,218,4,1,0,0,support,medium0.46,0.64,2,121,3,0,0,0,support,medium0.68,0.48,4,251,4,0,0,0,support,high0.68,0.6,2,192,6,0,0,0,support,low0.16,0.71,6,227,5,0,0,0,support,medium0.15,0.56,6,140,5,0,0,0,support,medium0.55,0.49,3,152,2,0,0,0,technical,medium0.72,0.66,4,202,4,0,0,0,technical,medium0.91,0.89,2,219,4,0,0,0,technical,low0.3,0.91,4,248,4,0,0,0,management,low0.56,0.68,5,203,2,0,0,0,IT,low0.94,0.94,3,255,3,0,0,0,IT,low0.82,0.63,5,177,3,0,0,0,IT,low0.66,0.86,5,185,3,0,0,0,IT,low0.74,0.64,4,101,6,1,0,0,IT,low0.63,0.5,3,246,3,0,0,0,product_mng,low0.65,0.42,6,220,2,0,0,0,product_mng,low0.56,0.81,3,145,2,0,0,0,product_mng,low0.32,0.73,6,194,5,0,0,0,product_mng,low0.8,0.9,4,241,2,0,0,0,IT,low0.34,0.87,6,175,4,0,0,0,RandD,low0.62,0.71,5,149,2,0,0,0,RandD,low0.5,0.86,3,253,2,0,0,0,RandD,low0.58,0.98,5,218,3,0,0,0,RandD,low0.94,0.9,2,263,3,0,0,0,RandD,low0.67,0.99,4,247,3,1,0,0,RandD,low0.2,0.74,6,148,4,0,0,0,marketing,low0.91,0.59,5,162,2,0,0,0,sales,low0.91,0.67,2,255,4,0,0,0,accounting,low0.78,0.87,3,191,3,1,0,0,support,medium0.82,0.55,3,217,4,1,0,0,technical,medium0.54,0.96,3,201,3,0,0,0,management,medium0.53,0.81,3,253,3,0,0,0,marketing,medium0.47,0.55,4,122,5,1,0,0,marketing,medium0.87,0.5,3,269,3,0,0,0,marketing,medium0.5,0.68,4,161,3,0,0,0,sales,medium0.59,0.83,3,156,2,0,0,0,sales,medium0.89,0.69,3,173,3,0,0,0,sales,medium0.54,0.49,4,152,3,1,0,0,sales,medium0.62,0.85,3,145,3,0,0,0,sales,medium0.91,0.85,3,248,3,0,0,0,sales,medium0.84,0.99,2,184,2,0,0,0,sales,high0.69,0.65,4,232,2,1,0,0,sales,low0.76,0.63,3,162,2,0,0,0,sales,medium0.8,0.54,4,269,3,0,0,0,sales,medium0.4,0.47,5,108,3,0,0,0,sales,medium0.8,0.99,3,248,3,1,0,0,sales,medium0.76,0.4,2,122,5,0,0,0,sales,low0.55,0.9,4,273,2,1,0,0,sales,low0.98,0.63,3,285,6,0,0,0,sales,low0.54,0.56,4,227,3,0,0,0,sales,low0.63,0.56,4,248,2,1,0,0,sales,low0.88,0.63,3,257,3,0,0,0,sales,low0.5,0.95,5,194,3,0,0,0,sales,low0.52,0.72,3,253,3,0,0,0,accounting,low0.89,0.95,4,141,3,0,0,0,accounting,low0.55,0.9,4,199,3,0,0,0,accounting,low0.51,0.81,3,143,2,0,0,0,hr,low0.35,0.52,5,244,3,0,0,0,hr,low0.54,0.71,5,173,2,0,0,0,hr,low0.72,0.84,4,186,3,0,0,0,hr,low0.61,0.93,2,247,3,0,0,0,technical,low0.17,0.93,3,218,4,0,0,0,technical,low0.71,0.88,3,140,2,0,0,0,technical,low0.88,0.52,4,166,2,0,0,0,technical,low0.48,1,3,216,2,0,0,0,technical,low0.16,0.97,6,235,3,0,0,0,technical,low0.62,0.72,3,188,3,0,0,0,technical,low0.59,0.47,3,143,2,0,0,0,technical,medium0.14,0.9,4,198,4,0,0,0,technical,medium0.96,0.92,4,148,3,0,0,0,technical,medium0.96,0.42,6,101,4,0,0,0,technical,medium0.13,0.89,4,249,6,1,0,0,support,medium0.64,0.61,5,249,3,1,0,0,support,medium0.64,0.67,5,198,2,1,0,0,support,medium0.57,0.72,3,202,3,1,0,0,support,medium0.49,1,3,176,3,0,0,0,support,medium0.89,0.79,4,133,2,0,0,0,support,medium0.94,0.75,5,238,2,0,0,0,support,medium0.51,0.58,2,181,4,0,0,0,support,medium0.8,0.85,5,242,3,0,0,0,support,high0.74,0.51,4,185,2,1,0,0,support,low0.66,0.85,4,237,3,1,0,0,support,medium0.66,0.99,5,244,3,0,0,0,technical,medium0.59,0.62,3,178,4,0,0,0,technical,medium0.91,0.57,3,164,3,0,0,0,technical,medium0.83,0.98,5,189,4,1,0,0,management,low0.5,0.91,3,212,2,0,0,0,IT,low0.69,0.97,4,233,3,0,0,0,IT,low0.87,0.91,5,268,3,0,0,0,IT,low0.37,0.43,2,155,2,0,0,0,IT,low0.9,0.98,4,257,3,0,0,0,IT,low0.68,0.41,4,254,5,0,0,0,product_mng,low0.93,0.63,4,143,3,1,0,0,product_mng,low0.95,0.45,3,225,2,0,0,0,product_mng,low0.99,1,4,223,2,1,0,0,product_mng,low0.64,0.9,2,101,6,0,0,0,IT,low0.96,0.37,2,159,6,0,0,0,RandD,low0.92,0.54,5,141,2,0,0,0,RandD,low0.22,0.52,5,147,5,1,0,0,RandD,low0.82,0.99,5,252,3,1,0,0,RandD,low0.75,0.89,3,196,3,0,0,0,RandD,low0.2,0.89,6,244,3,0,0,0,RandD,low0.64,0.73,3,142,3,0,0,0,marketing,low0.62,0.9,4,155,4,0,0,0,sales,low0.73,0.59,3,219,2,0,0,0,accounting,low0.52,0.51,3,213,4,0,0,0,support,low0.63,0.67,5,263,3,0,0,0,technical,medium0.84,0.92,4,274,3,0,0,0,management,medium0.49,0.96,3,140,3,0,0,0,marketing,medium0.54,0.78,4,176,2,0,0,0,marketing,medium0.52,0.78,4,206,2,0,0,0,marketing,medium0.66,0.63,6,223,6,0,0,0,sales,medium0.73,0.41,2,231,6,1,0,0,sales,medium0.54,0.64,3,250,3,0,0,0,sales,medium0.72,0.68,5,266,4,0,0,0,sales,medium0.75,0.64,4,247,3,1,0,0,sales,medium0.77,0.57,3,189,2,0,0,0,sales,medium0.42,0.94,5,227,5,0,0,0,sales,medium0.13,0.69,4,127,4,0,0,0,sales,high0.73,0.88,5,204,5,0,0,0,sales,low0.5,0.95,5,137,3,0,0,0,sales,medium0.92,0.62,4,265,3,1,0,0,sales,medium0.73,0.66,3,135,2,0,0,0,sales,medium0.74,0.38,2,126,3,0,0,0,sales,medium0.76,0.78,3,189,2,0,0,0,sales,low0.53,0.92,3,207,4,1,0,0,sales,low0.65,0.72,3,134,3,0,0,0,sales,low0.91,0.85,4,203,2,0,0,0,sales,low0.69,0.76,5,222,3,1,0,0,sales,low0.56,0.66,3,232,2,0,0,0,sales,low0.55,0.81,4,267,5,0,0,0,accounting,low0.74,0.5,5,131,3,0,0,0,accounting,low0.86,0.86,3,155,4,0,0,0,accounting,low0.82,0.74,3,232,3,0,0,0,hr,low0.35,0.8,3,137,5,0,0,0,hr,low0.93,0.99,4,136,4,0,0,0,hr,low0.55,0.77,3,237,2,0,0,0,hr,low0.99,0.68,4,190,3,0,0,0,technical,low0.91,0.89,4,144,3,1,0,0,technical,low0.24,0.65,6,194,3,0,0,0,technical,low0.77,0.67,3,186,2,0,0,0,technical,low0.64,0.66,3,218,3,0,0,0,technical,low0.58,0.76,5,260,2,1,0,0,technical,low0.65,0.99,4,200,4,0,0,0,technical,low0.44,0.68,3,140,3,0,0,0,technical,low0.59,0.75,2,156,3,0,0,0,technical,medium0.99,0.56,3,193,3,1,0,0,technical,medium0.75,0.79,4,145,3,0,0,0,technical,medium0.77,0.49,4,217,2,0,0,0,support,medium0.85,0.64,4,162,3,0,0,0,support,medium0.77,0.93,5,182,4,0,0,0,support,medium0.54,0.95,3,221,3,0,0,0,support,medium0.69,0.82,4,208,2,0,0,0,support,medium0.66,0.65,5,161,3,0,0,0,support,medium0.51,0.65,4,269,3,0,0,0,support,medium0.74,0.59,4,155,3,0,0,0,support,medium0.55,0.72,3,110,3,0,0,0,support,medium0.65,0.84,3,154,3,0,0,0,support,high0.2,0.77,6,213,4,0,0,0,support,low0.92,0.94,5,248,3,0,0,0,technical,medium0.57,0.6,3,202,3,0,0,0,technical,medium0.75,0.78,2,251,6,0,0,0,technical,medium0.68,0.84,3,239,2,0,0,0,management,medium0.97,0.7,3,203,3,0,0,0,IT,low0.79,0.48,4,184,5,1,0,0,IT,low0.66,0.75,4,203,3,1,0,0,IT,low0.96,0.69,3,214,2,1,0,0,IT,low0.73,0.69,4,161,3,0,0,0,IT,low0.29,0.58,5,234,2,0,0,0,product_mng,low0.58,0.56,3,151,2,0,0,0,product_mng,low0.72,0.58,4,149,3,0,0,0,product_mng,low0.94,0.87,4,240,3,0,0,0,product_mng,low0.48,0.56,5,140,2,0,0,0,IT,low0.6,0.99,3,187,2,0,0,0,RandD,low0.97,0.58,5,156,2,1,0,0,RandD,low0.74,0.41,4,250,4,0,0,0,RandD,low0.97,0.61,3,165,2,0,0,0,RandD,low0.88,0.67,5,260,3,1,0,0,RandD,low0.5,0.7,3,274,3,0,0,0,marketing,low0.93,0.98,4,160,3,0,0,0,sales,low0.3,0.7,5,280,4,1,0,0,accounting,low0.69,0.53,3,142,3,0,0,0,support,low0.69,0.9,2,155,2,0,0,0,technical,low0.53,0.67,4,167,2,0,0,0,management,low0.32,0.8,3,263,3,0,0,0,marketing,medium0.73,0.75,3,259,4,0,0,0,marketing,medium0.77,0.61,4,223,3,0,0,0,marketing,medium0.59,0.81,6,123,5,0,0,0,sales,medium0.19,0.51,5,226,3,0,0,0,sales,medium0.78,0.95,3,270,2,0,0,0,sales,medium0.84,0.74,3,139,3,0,0,0,sales,medium0.65,0.77,5,241,2,0,0,0,sales,medium0.38,0.43,2,160,6,0,0,0,sales,medium0.12,0.47,3,258,5,0,0,0,sales,medium0.74,0.81,5,106,5,0,0,0,sales,medium0.67,0.82,4,171,2,0,0,0,sales,medium0.5,0.79,3,186,3,0,0,0,sales,high0.99,0.39,6,214,5,1,0,0,sales,low0.79,0.89,4,240,3,0,0,0,sales,medium0.72,0.51,4,164,3,0,0,0,sales,medium0.83,0.57,4,232,3,0,0,0,sales,medium0.69,0.55,5,242,2,0,0,0,sales,medium0.5,0.89,5,222,3,0,0,0,sales,low0.82,0.84,3,139,2,1,0,0,sales,low0.68,0.56,4,272,3,0,0,0,sales,low0.82,0.69,4,262,2,0,0,0,sales,low0.32,0.81,2,249,3,0,0,0,accounting,low0.93,0.86,4,219,3,0,0,0,accounting,low0.42,0.73,4,208,5,0,0,0,accounting,low0.22,0.44,3,166,6,0,0,0,hr,low0.56,0.88,3,174,3,0,0,0,hr,low0.77,0.75,4,225,3,0,0,0,hr,low0.29,0.48,2,116,6,1,0,0,hr,low0.97,0.65,3,219,2,0,0,0,technical,low0.91,0.7,4,196,2,0,0,0,technical,low0.52,0.67,4,210,3,1,0,0,technical,low0.54,0.64,2,219,3,0,0,0,technical,low0.54,0.98,3,197,3,0,0,0,technical,low0.67,0.52,2,102,6,0,0,0,technical,low0.72,0.85,3,186,4,0,0,0,technical,low0.68,0.51,4,224,2,0,0,0,technical,low0.65,0.98,3,283,2,1,0,0,technical,low0.72,0.98,5,197,4,0,0,0,technical,low0.51,0.79,5,267,3,0,0,0,technical,medium0.8,0.58,4,172,3,0,0,0,support,medium0.83,0.93,4,261,2,0,0,0,support,medium0.15,0.86,3,204,4,0,0,0,support,medium0.5,0.73,4,237,2,0,0,0,support,medium0.8,0.55,2,212,3,0,0,0,support,medium0.96,0.62,4,217,2,0,0,0,support,medium0.67,0.7,5,159,3,1,0,0,support,medium0.98,0.96,5,139,3,0,0,0,support,medium0.88,0.59,5,230,3,0,0,0,support,medium0.85,0.79,3,157,4,0,0,0,support,medium0.75,0.7,5,269,3,0,0,0,support,medium0.38,0.77,2,170,3,0,0,0,technical,high0.55,0.82,2,197,4,0,0,0,technical,low0.63,0.89,4,246,3,0,0,0,technical,medium0.78,0.51,4,278,3,0,0,0,management,medium0.99,0.84,5,138,2,0,0,0,IT,medium0.72,0.87,3,238,3,0,0,0,IT,medium0.14,0.83,5,175,6,1,0,0,IT,low0.81,0.67,4,216,3,0,0,0,IT,low0.73,0.86,4,196,4,1,0,0,IT,low0.58,0.8,5,187,3,1,0,0,product_mng,low0.24,0.85,4,155,5,0,0,0,product_mng,low0.31,0.86,3,205,5,0,0,0,product_mng,low0.74,0.63,3,230,2,0,0,0,product_mng,low0.86,0.69,5,157,3,0,0,0,IT,low0.22,0.8,4,287,4,0,0,0,RandD,low0.66,0.7,4,161,3,0,0,0,RandD,low0.21,0.76,5,239,2,0,0,0,RandD,low0.95,0.61,3,267,2,0,0,0,RandD,low0.24,0.55,5,208,5,0,0,0,RandD,low0.66,0.95,3,133,3,0,0,0,marketing,low0.88,0.86,3,187,3,0,0,0,marketing,low0.67,0.61,4,140,2,0,0,0,sales,low0.75,0.58,4,270,3,0,0,0,accounting,low0.93,0.48,3,147,3,0,0,0,support,low0.64,0.71,3,181,2,0,0,0,technical,low0.51,0.53,3,156,3,0,0,0,management,low0.98,0.5,4,207,3,0,0,0,marketing,low0.72,0.63,4,241,4,1,0,0,marketing,medium0.51,0.75,4,154,3,0,0,0,marketing,medium0.54,0.58,4,206,3,0,0,0,sales,medium0.99,0.76,4,204,2,0,0,0,sales,medium0.44,0.9,4,117,3,0,0,0,sales,medium0.74,0.48,5,144,3,0,0,0,sales,medium0.9,0.77,3,156,3,0,0,0,sales,medium0.86,0.58,4,211,4,0,0,0,sales,medium0.66,0.52,3,149,4,1,0,0,sales,medium0.64,0.96,4,152,5,0,0,0,sales,medium0.5,0.59,4,192,2,0,0,0,sales,medium0.88,0.68,4,274,4,0,0,0,sales,medium0.72,0.47,5,168,6,0,0,0,sales,high0.53,0.53,4,205,3,0,0,0,sales,low0.83,0.77,3,228,3,0,0,0,sales,medium0.24,0.52,4,228,5,0,0,0,sales,medium0.66,0.75,5,227,3,1,0,0,sales,medium0.43,0.63,3,156,3,0,0,0,sales,medium0.75,0.66,5,177,2,0,0,0,sales,low0.42,0.89,6,188,5,1,0,0,sales,low0.54,0.74,3,185,4,0,0,0,sales,low0.84,0.85,3,153,4,0,0,0,accounting,low0.95,0.79,4,174,3,0,0,0,accounting,low0.6,0.61,4,209,3,0,0,0,accounting,low0.95,0.71,3,251,2,1,0,0,hr,low0.62,0.89,3,153,3,1,0,0,hr,low0.89,0.73,3,210,2,0,0,0,hr,low0.73,0.93,5,167,3,0,0,0,hr,low0.86,0.94,3,151,2,0,0,0,technical,low0.76,0.73,3,158,2,0,0,0,technical,low0.91,0.76,3,116,5,0,0,0,technical,low1,0.81,5,178,2,0,0,0,technical,low0.98,0.78,4,155,3,1,0,0,technical,low0.65,0.89,3,151,2,0,0,0,technical,low0.62,0.79,4,216,2,1,0,0,technical,low0.83,0.82,5,179,3,0,0,0,technical,low0.75,1,4,135,4,0,0,0,technical,low0.82,0.63,4,232,4,0,0,0,technical,low0.69,0.68,4,168,3,0,0,0,technical,low0.41,0.96,6,171,5,1,0,0,support,medium0.52,0.64,5,258,2,0,0,0,support,medium0.74,0.86,3,221,2,0,0,0,support,medium0.33,0.96,5,97,3,0,0,0,support,medium0.8,0.69,3,164,3,0,0,0,support,medium0.82,0.89,4,237,3,0,0,0,support,medium0.59,0.65,5,161,2,0,0,0,support,medium0.98,0.8,4,134,2,1,0,0,support,medium0.93,0.94,4,188,3,0,0,0,support,medium0.49,0.95,4,181,3,0,0,0,support,medium0.6,0.94,4,160,2,0,0,0,support,medium0.34,0.82,6,197,5,1,0,0,technical,medium0.71,0.77,3,145,3,0,0,0,technical,high0.6,0.64,5,221,2,0,0,0,technical,low0.12,0.78,6,260,5,0,0,0,management,medium0.16,0.87,3,99,5,1,0,0,IT,medium0.57,0.61,3,243,3,0,0,0,IT,medium0.72,0.8,5,244,3,0,0,0,IT,medium0.91,0.55,4,179,4,0,0,0,IT,low0.95,0.49,4,146,6,1,0,0,IT,low0.71,0.9,3,262,2,1,0,0,product_mng,low0.9,0.69,4,174,2,0,0,0,product_mng,low0.66,0.81,4,148,4,0,0,0,product_mng,low0.48,0.59,5,235,3,0,0,0,product_mng,low0.82,0.82,5,285,2,1,0,0,IT,low0.83,0.79,4,143,3,0,0,0,RandD,low0.85,0.82,6,141,5,0,0,0,RandD,low0.84,0.47,3,125,4,0,0,0,RandD,low0.99,0.51,4,232,3,0,0,0,RandD,low0.54,0.72,3,172,2,0,0,0,RandD,low0.64,0.42,5,283,5,0,0,0,marketing,low0.67,0.68,3,189,3,0,0,0,sales,low0.48,0.54,2,144,3,0,0,0,accounting,low0.58,0.77,4,145,3,1,0,0,support,low0.54,0.59,3,200,3,0,0,0,technical,low0.25,0.65,3,264,4,0,0,0,management,low0.9,0.53,3,215,3,0,0,0,marketing,low0.48,0.39,4,272,3,0,0,0,marketing,low0.76,0.9,5,142,3,0,0,0,marketing,low0.72,0.53,5,240,2,0,0,0,sales,medium0.95,0.66,4,168,2,0,0,0,sales,medium0.73,0.55,4,171,4,0,0,0,sales,medium0.93,0.7,3,159,2,0,0,0,sales,medium0.89,0.61,3,175,4,0,0,0,sales,medium0.7,0.97,4,244,3,0,0,0,sales,medium0.98,0.57,3,198,3,0,0,0,sales,medium0.72,0.65,5,151,3,0,0,0,sales,medium0.49,0.69,2,188,4,0,0,0,sales,medium0.15,0.85,3,199,2,0,0,0,sales,medium0.57,0.96,4,257,3,0,0,0,sales,medium0.21,0.81,4,144,4,0,0,0,sales,medium0.46,0.57,4,275,3,0,0,0,sales,high0.56,0.52,3,243,3,0,0,0,sales,low0.81,0.66,3,181,2,1,0,0,sales,medium0.93,0.59,5,172,3,0,0,0,sales,medium0.82,0.97,3,244,5,0,0,0,sales,medium0.76,0.51,4,242,3,0,0,0,sales,medium0.97,0.81,3,249,2,0,0,0,sales,low0.38,0.81,5,128,3,1,0,0,accounting,low0.46,0.49,3,213,3,0,0,0,accounting,low0.34,0.57,4,152,3,1,0,0,accounting,low0.63,0.76,4,245,3,0,0,0,hr,low0.57,0.56,4,113,3,0,0,0,hr,low0.17,0.76,4,280,5,0,0,0,hr,low0.74,0.67,3,273,3,1,0,0,hr,low0.59,0.56,4,221,3,1,0,0,technical,low0.49,0.61,5,133,3,0,0,0,technical,low0.49,0.58,3,136,4,1,0,0,technical,low0.61,0.71,4,243,3,1,0,0,technical,low0.81,0.79,5,135,3,0,0,0,technical,low0.74,0.63,3,231,3,0,0,0,technical,low0.91,0.98,3,259,4,0,0,0,technical,low0.71,0.66,3,238,2,0,0,0,technical,low0.73,0.71,3,210,3,0,0,0,technical,low0.44,0.4,3,120,6,0,0,0,technical,low0.6,0.56,2,203,4,0,0,0,technical,low0.73,0.88,4,148,2,0,0,0,support,low0.8,0.54,4,258,3,0,0,0,support,low0.97,0.5,3,225,2,0,0,0,support,medium0.99,0.75,4,208,2,0,0,0,support,medium0.96,0.82,4,274,3,0,0,0,support,medium0.24,0.7,5,147,6,1,0,0,support,medium0.45,0.39,2,167,3,0,0,0,support,medium0.74,0.96,4,154,4,0,0,0,support,medium0.6,0.98,4,195,3,0,0,0,support,medium0.67,0.56,3,237,4,0,0,0,support,medium0.57,0.99,4,222,2,0,0,0,support,medium0.87,0.71,5,145,4,0,0,0,technical,medium0.25,0.83,3,257,5,1,0,0,technical,medium0.98,0.84,3,286,4,0,0,0,technical,medium0.3,0.64,2,137,3,0,0,0,management,high0.21,0.52,5,130,2,0,0,0,IT,low0.56,0.7,3,214,2,0,0,0,IT,medium0.75,0.96,3,138,2,0,0,0,IT,medium0.5,0.77,3,166,3,0,0,0,IT,medium0.61,0.92,4,159,5,0,0,0,IT,medium0.83,0.59,5,160,4,0,0,0,product_mng,low0.66,0.76,3,155,4,1,0,0,product_mng,low0.84,0.68,3,231,3,0,0,0,product_mng,low0.87,0.57,4,227,3,0,0,0,product_mng,low0.48,0.37,3,181,2,0,0,0,IT,low0.84,0.79,4,222,3,0,0,0,RandD,low0.49,0.71,3,196,3,0,0,0,RandD,low0.67,0.93,3,206,3,0,0,0,RandD,low0.12,0.93,6,257,6,1,0,0,RandD,low0.99,0.67,5,153,2,0,0,0,RandD,low0.17,0.59,5,250,5,0,0,0,marketing,low0.58,0.66,3,250,5,0,0,0,sales,low0.5,0.73,3,148,3,0,0,0,accounting,low0.35,0.69,3,141,2,1,0,0,support,low0.93,0.95,6,147,3,0,0,0,technical,low0.73,0.87,3,142,3,0,0,0,management,low0.91,0.54,3,210,2,0,0,0,marketing,low0.72,0.66,3,152,2,0,0,0,marketing,low0.51,0.39,3,149,3,0,0,0,marketing,low0.55,0.92,3,198,3,0,0,0,sales,low0.66,0.76,3,139,5,0,0,0,sales,low0.84,0.41,6,255,6,1,0,0,sales,medium0.81,0.8,4,229,2,0,0,0,sales,medium0.81,0.69,5,134,2,0,0,0,sales,medium0.5,0.75,5,255,3,0,0,0,sales,medium0.78,0.68,5,189,3,0,0,0,sales,medium0.76,0.74,3,183,3,0,0,0,sales,medium0.49,0.71,3,154,2,0,0,0,sales,medium0.99,0.61,3,167,3,0,0,0,sales,medium0.73,0.48,4,139,5,0,0,0,sales,medium0.88,0.74,5,245,2,0,0,0,sales,medium0.79,0.91,4,200,3,0,0,0,sales,medium0.83,0.98,3,159,2,0,0,0,sales,medium0.21,0.44,4,163,6,0,0,0,sales,high0.87,0.52,3,158,2,1,0,0,sales,low1,0.89,3,194,3,0,0,0,sales,medium0.49,0.98,3,267,3,1,0,0,sales,medium0.51,0.63,3,183,2,0,0,0,sales,medium0.63,0.64,3,174,2,0,0,0,accounting,medium0.91,0.63,4,240,3,0,0,0,accounting,low0.54,0.5,2,123,4,1,0,0,accounting,low1,0.59,4,174,3,0,0,0,hr,low0.64,0.91,5,246,3,0,0,0,hr,low0.65,0.96,5,173,2,0,0,0,hr,low0.15,0.93,4,185,5,0,0,0,hr,low0.81,0.83,4,259,3,1,0,0,technical,low0.61,0.83,3,112,4,1,0,0,technical,low0.86,0.55,5,219,2,0,0,0,technical,medium0.71,0.62,3,258,2,0,0,0,technical,medium0.72,0.82,5,287,3,0,0,0,technical,medium0.84,0.37,5,186,2,0,0,0,technical,medium0.38,0.74,3,159,4,0,0,0,technical,medium0.75,0.56,4,230,3,0,0,0,technical,medium0.93,0.77,5,106,5,0,0,0,technical,medium0.71,0.64,4,189,3,0,0,0,technical,medium0.75,0.96,3,252,3,0,0,0,technical,medium0.56,0.68,4,220,2,0,0,0,support,medium0.57,0.82,5,218,3,0,0,0,support,medium0.63,0.83,4,145,4,0,0,0,support,medium0.59,0.91,4,142,3,1,0,0,support,medium0.77,0.62,3,218,2,0,0,0,support,medium0.65,0.7,4,157,4,0,0,0,support,medium0.84,0.49,4,178,3,0,0,0,support,medium0.9,0.45,4,241,6,0,0,0,support,medium0.6,0.83,3,230,3,0,0,0,support,medium0.9,0.74,5,249,3,0,0,0,support,medium0.94,0.7,5,147,2,0,0,0,support,medium0.56,0.9,4,115,3,0,0,0,technical,medium0.95,0.86,5,143,3,0,0,0,technical,medium0.97,0.85,4,219,3,0,0,0,technical,medium0.55,0.63,4,218,2,0,0,0,management,medium0.79,0.6,5,235,2,0,0,0,IT,medium0.49,0.76,5,237,3,0,0,0,IT,high0.49,0.58,5,186,2,0,0,0,IT,high0.57,0.65,5,177,2,0,0,0,IT,high0.89,0.81,4,228,4,0,0,0,IT,high0.66,0.59,3,204,3,0,0,0,product_mng,high0.94,0.77,5,210,3,0,0,0,product_mng,high0.98,0.95,4,250,2,1,0,0,product_mng,high0.18,0.52,5,185,6,0,0,0,product_mng,high0.57,0.73,3,146,3,0,0,0,IT,high0.67,0.55,3,217,2,0,0,0,RandD,high0.12,0.61,6,172,6,0,0,0,RandD,high0.48,0.95,3,184,2,0,0,0,RandD,high0.61,0.97,3,148,3,0,0,0,RandD,low0.23,0.52,5,236,4,0,0,0,RandD,low0.4,0.38,3,280,2,0,0,0,marketing,low0.57,0.6,3,218,3,0,0,0,sales,low0.95,0.98,5,155,3,0,0,0,accounting,low0.93,0.66,4,242,4,0,0,0,support,low0.7,0.88,3,166,5,0,0,0,technical,low0.58,0.9,4,175,3,1,0,0,management,low0.52,0.95,5,234,3,0,0,0,marketing,low0.98,0.88,5,232,3,0,0,0,marketing,low0.93,0.94,4,156,3,1,0,0,marketing,low0.34,0.63,5,248,3,0,0,0,sales,low0.87,0.75,4,218,2,0,0,0,sales,low0.52,0.96,5,251,2,1,0,0,sales,low0.58,0.91,4,173,4,0,0,0,sales,low0.65,0.51,4,157,3,1,0,0,sales,medium0.74,0.59,3,274,3,0,0,0,sales,medium0.63,0.7,5,182,3,0,0,0,sales,medium0.74,0.74,4,233,2,0,0,0,sales,medium0.65,1,4,249,3,0,0,0,sales,medium0.48,0.94,3,162,3,1,0,0,sales,medium0.84,0.75,3,184,3,0,0,0,sales,medium0.6,0.62,3,135,2,0,0,0,sales,medium0.56,0.57,3,143,2,0,0,0,sales,medium0.13,0.8,5,203,5,0,0,0,sales,medium0.83,0.51,5,143,4,0,0,0,sales,medium0.91,0.42,2,142,3,1,0,0,sales,medium0.97,0.97,5,171,2,0,0,0,sales,high0.9,0.96,3,223,4,0,0,0,sales,high0.57,0.87,4,148,3,0,0,0,sales,high0.84,0.79,6,140,2,0,0,0,accounting,high0.84,0.74,4,226,2,0,0,0,accounting,high0.17,0.93,5,183,5,0,0,0,accounting,high0.97,0.86,5,135,3,0,0,0,hr,high0.94,0.66,3,236,2,0,0,0,hr,high0.83,0.61,5,257,2,0,0,0,hr,low0.91,0.73,3,155,3,0,0,0,hr,low0.9,0.76,2,211,4,0,0,0,technical,low0.95,0.86,3,207,2,0,0,0,technical,low0.69,0.95,3,126,6,0,0,0,technical,low0.49,0.98,3,267,2,0,0,0,technical,low0.45,0.37,6,226,2,0,0,0,technical,low0.21,0.9,2,239,2,0,0,0,technical,low0.67,0.61,3,202,2,0,0,0,technical,medium0.76,0.62,3,150,2,1,0,0,technical,medium0.19,0.78,5,156,6,0,0,0,technical,medium0.52,0.73,2,233,3,0,0,0,technical,medium0.66,0.59,5,262,2,0,0,0,technical,medium0.95,0.67,3,183,3,0,0,0,support,medium0.95,0.78,4,225,2,0,0,0,support,medium0.57,0.54,5,216,3,0,0,0,support,medium0.48,0.57,5,227,3,0,0,0,support,medium0.95,0.5,4,242,2,0,0,0,support,medium0.7,0.67,4,224,3,0,0,0,support,medium0.48,0.61,3,223,3,1,0,0,support,medium0.62,0.58,3,202,2,0,0,0,support,medium0.58,0.76,3,220,3,0,0,0,support,medium1,0.87,4,129,5,0,0,0,support,medium0.79,0.65,2,193,5,0,0,0,support,medium0.58,0.73,3,165,2,0,0,0,technical,medium0.59,0.79,4,209,2,0,0,0,technical,medium0.66,0.8,4,183,2,1,0,0,technical,medium0.71,0.59,4,138,3,0,0,0,management,medium0.9,0.74,5,152,3,0,0,0,IT,medium0.74,0.63,4,170,2,0,0,0,IT,medium0.66,0.93,5,185,3,0,0,0,IT,medium0.92,0.53,2,249,2,0,0,0,IT,high0.55,0.51,4,155,3,0,0,0,IT,low0.51,0.43,3,204,4,0,0,0,product_mng,medium0.49,0.52,5,188,4,0,0,0,product_mng,medium0.88,0.52,5,264,4,0,0,0,product_mng,medium0.6,0.8,4,146,2,0,0,0,product_mng,medium0.93,0.65,4,212,4,0,0,0,IT,medium0.86,0.59,3,215,3,0,0,0,RandD,medium0.78,0.98,4,239,3,0,0,0,RandD,medium0.69,0.55,3,188,3,0,0,0,RandD,medium0.84,0.51,4,259,3,0,0,0,RandD,medium0.48,0.62,3,200,3,1,0,0,RandD,medium0.63,0.86,3,245,2,0,0,0,marketing,low0.54,0.61,3,182,2,0,0,0,sales,low0.85,0.53,4,181,2,0,0,0,accounting,low0.51,0.52,3,164,3,0,0,0,support,low0.88,0.86,5,257,3,0,0,0,technical,low0.87,0.93,3,178,3,0,0,0,management,low0.54,0.5,4,224,3,0,0,0,marketing,low0.96,0.67,5,170,3,0,0,0,marketing,high0.58,0.75,4,233,2,0,0,0,marketing,low0.21,0.57,5,239,3,0,0,0,sales,high0.5,0.56,5,185,2,0,0,0,sales,high0.52,0.54,4,184,3,0,0,0,sales,low0.5,0.7,3,188,2,0,0,0,sales,low0.74,0.86,3,186,3,1,0,0,sales,high0.69,0.63,3,226,3,0,0,0,sales,low0.61,0.74,2,143,6,0,0,0,sales,medium0.5,0.82,3,213,3,0,0,0,sales,high0.79,0.53,2,217,2,0,0,0,sales,medium0.73,0.68,5,190,2,0,0,0,sales,medium0.49,0.69,2,147,2,0,0,0,sales,medium0.7,0.77,2,235,3,1,0,0,sales,medium0.27,0.62,6,136,3,0,0,0,sales,high0.8,0.54,5,261,2,0,0,0,sales,medium0.45,0.6,6,176,4,0,0,0,sales,medium0.63,0.64,4,212,4,0,0,0,sales,medium0.76,0.52,2,148,3,0,0,0,sales,high0.42,0.74,6,218,6,0,0,0,sales,medium0.41,0.87,6,262,6,0,0,0,sales,high0.74,0.46,6,145,3,0,0,0,accounting,low0.82,0.75,3,230,4,1,0,0,accounting,medium0.82,0.65,4,210,2,0,0,0,accounting,medium0.53,0.73,4,227,3,0,0,0,hr,medium0.71,0.77,4,142,2,0,0,0,hr,medium0.5,0.9,4,171,2,0,0,0,hr,low0.68,0.89,3,241,3,0,0,0,hr,low0.68,0.99,3,247,2,1,0,0,technical,low0.48,0.86,5,246,3,0,0,0,technical,low0.59,0.72,3,188,3,1,0,0,technical,low0.21,0.7,3,104,2,0,0,0,technical,low0.99,0.73,5,197,4,1,0,0,technical,low1,0.88,4,191,4,0,0,0,technical,low0.84,0.51,4,173,2,0,0,0,technical,low0.86,0.82,2,207,4,1,0,0,technical,low0.52,0.54,5,247,4,0,0,0,technical,high0.94,0.97,5,197,5,1,0,0,technical,low0.55,0.81,3,242,2,0,0,0,technical,low0.79,0.59,3,145,2,0,0,0,support,low0.91,0.9,4,174,3,0,0,0,support,low0.82,0.99,3,195,2,0,0,0,support,high0.84,0.94,4,270,3,1,0,0,support,low0.72,0.68,4,238,3,0,0,0,support,low0.68,0.85,4,156,2,0,0,0,support,low0.99,0.96,5,261,3,0,0,0,support,high0.74,0.85,5,135,2,0,0,0,support,low0.8,0.41,6,185,4,0,0,0,support,medium0.55,0.55,3,197,3,0,0,0,support,high0.56,0.95,3,241,3,0,0,0,support,medium0.88,0.98,3,263,3,1,0,0,technical,high0.86,0.49,4,251,2,0,0,0,technical,medium0.64,0.95,3,218,2,0,0,0,technical,medium0.82,0.58,4,183,3,0,0,0,management,medium0.66,0.8,4,252,3,0,0,0,IT,medium0.64,0.95,3,98,3,0,0,0,IT,medium0.17,0.78,6,284,4,0,0,0,IT,medium0.75,0.68,4,220,2,0,0,0,IT,medium0.45,0.39,4,275,3,0,0,0,IT,medium0.99,0.9,4,164,3,0,0,0,product_mng,high0.93,0.67,5,237,4,0,0,0,product_mng,low0.88,0.8,3,133,3,0,0,0,product_mng,medium0.62,0.52,5,256,4,0,0,0,product_mng,medium0.94,0.88,4,270,3,0,0,0,IT,medium0.59,0.92,4,196,2,0,0,0,RandD,medium0.93,0.89,4,209,2,0,0,0,RandD,medium0.71,0.39,3,261,3,0,0,0,RandD,medium0.6,0.6,3,221,2,0,0,0,RandD,medium0.71,0.69,4,180,3,1,0,0,RandD,medium0.91,0.57,4,145,3,0,0,0,marketing,medium0.78,0.96,4,111,2,0,0,0,sales,high0.52,0.63,4,232,3,0,0,0,accounting,low0.99,0.7,5,195,3,0,0,0,support,low0.86,0.51,4,211,2,1,0,0,technical,low0.74,0.68,4,194,2,0,0,0,management,high0.15,0.84,4,275,5,0,0,0,marketing,low0.57,0.54,3,140,3,0,0,0,marketing,low0.67,0.6,3,157,3,0,0,0,marketing,low0.8,0.93,4,258,3,0,0,0,sales,high0.83,0.82,5,273,4,0,0,0,sales,low0.69,0.53,3,135,2,0,0,0,sales,low0.64,0.83,3,188,4,0,0,0,sales,low0.95,0.52,5,222,2,0,0,0,sales,low0.97,0.52,4,231,3,0,0,0,sales,low0.85,0.86,3,255,2,0,0,0,sales,low0.72,0.51,3,254,2,0,0,0,sales,low0.91,0.85,3,244,3,1,0,0,sales,medium0.81,0.83,3,132,4,0,0,0,sales,medium0.13,0.67,5,234,6,0,0,0,sales,medium0.95,0.81,4,272,3,0,0,0,sales,medium0.82,0.54,4,191,3,0,0,0,sales,medium0.63,0.93,4,238,4,0,0,0,sales,medium0.55,0.69,3,225,2,0,0,0,sales,medium0.83,0.95,3,211,2,0,0,0,sales,medium0.54,0.98,3,217,3,0,0,0,sales,medium0.89,0.91,5,156,4,0,0,0,sales,medium0.79,0.55,3,147,3,0,0,0,sales,medium0.56,0.73,4,134,3,0,0,0,accounting,medium0.89,0.7,4,235,2,1,0,0,accounting,high1,0.66,4,238,4,0,0,0,accounting,low0.43,0.72,3,258,4,0,0,0,hr,medium0.71,0.55,5,224,3,0,0,0,hr,medium0.98,0.59,4,149,2,0,0,0,hr,medium0.81,0.7,4,219,2,1,0,0,hr,medium0.71,0.53,3,186,2,0,0,0,technical,low0.99,0.6,4,259,4,0,0,0,technical,low0.34,0.62,3,119,2,0,0,0,technical,low0.58,0.91,3,223,2,0,0,0,technical,low0.77,0.49,4,184,3,0,0,0,technical,low0.64,0.5,3,238,4,0,0,0,technical,low0.13,1,4,157,5,1,0,0,technical,low0.98,0.6,2,249,3,0,0,0,technical,low0.72,0.84,4,195,2,0,0,0,technical,low0.55,0.79,3,162,2,0,0,0,technical,low0.62,0.91,4,231,3,0,0,0,technical,low0.74,0.91,2,264,3,0,0,0,support,low0.69,0.96,3,210,3,0,0,0,support,low0.6,0.63,4,192,3,0,0,0,support,low0.54,0.43,3,192,2,0,0,0,support,low0.56,0.75,4,249,3,0,0,0,support,low0.58,0.86,5,206,3,0,0,0,support,low0.21,0.66,4,165,5,0,0,0,support,low0.52,0.85,5,183,3,0,0,0,support,low0.98,0.7,4,253,2,0,0,0,support,low0.85,0.97,3,256,3,0,0,0,support,low0.62,0.88,2,263,4,0,0,0,support,medium0.63,0.61,3,234,3,1,0,0,technical,medium0.84,0.97,6,223,2,0,0,0,technical,medium0.71,0.69,2,172,3,0,0,0,technical,medium0.36,0.55,6,226,6,0,0,0,management,medium0.79,0.56,6,205,4,1,0,0,IT,medium0.59,0.55,4,235,2,0,0,0,IT,medium0.5,0.53,4,263,3,0,0,0,IT,medium0.88,0.66,4,271,3,1,0,0,IT,medium0.65,0.69,6,131,5,0,0,0,IT,medium0.71,0.56,4,238,4,0,0,0,product_mng,medium0.89,0.54,3,214,2,0,0,0,product_mng,medium0.83,0.84,3,267,3,0,0,0,product_mng,high0.73,0.53,3,184,2,0,0,0,product_mng,low0.71,0.67,3,264,3,0,0,0,IT,medium0.53,0.66,3,109,2,0,0,0,RandD,medium0.74,0.7,3,253,4,1,0,0,RandD,medium0.6,0.52,4,207,2,1,0,0,RandD,medium0.47,0.6,4,263,5,0,0,0,RandD,low0.88,0.88,3,214,2,1,0,0,RandD,low0.62,0.67,2,153,3,0,0,0,marketing,low0.24,0.48,5,123,5,1,0,0,sales,low0.15,0.36,5,159,2,0,0,0,accounting,low0.92,0.82,3,185,3,0,0,0,support,low0.74,0.7,4,167,3,1,0,0,technical,low0.86,0.77,3,271,3,0,0,0,management,low0.96,0.61,3,140,3,0,0,0,marketing,low0.54,0.6,4,141,3,0,0,0,marketing,low0.99,0.87,4,190,2,0,0,0,marketing,low0.72,0.73,5,134,2,0,0,0,sales,low0.96,0.75,5,176,4,0,0,0,sales,low0.73,0.73,4,194,2,0,0,0,sales,low0.67,0.44,5,212,4,0,0,0,sales,low0.58,0.72,5,234,3,1,0,0,sales,low0.9,0.99,4,190,2,0,0,0,sales,low0.99,0.37,5,155,3,0,0,0,sales,low0.89,0.58,4,232,2,0,0,0,sales,low0.72,0.95,4,216,3,0,0,0,sales,low0.77,0.8,3,207,3,0,0,0,sales,low0.8,0.94,4,200,4,0,0,0,sales,medium0.89,0.86,3,178,4,0,0,0,sales,medium0.59,0.81,4,173,2,0,0,0,sales,medium0.24,0.87,5,268,5,0,0,0,sales,medium0.94,0.59,6,212,2,0,0,0,sales,medium0.74,0.5,4,216,3,0,0,0,sales,medium0.63,0.62,5,212,6,0,0,0,sales,medium0.63,0.59,3,155,3,1,0,0,sales,medium0.77,0.65,4,164,2,0,0,0,sales,medium0.87,0.74,3,209,3,0,0,0,accounting,medium0.79,0.61,4,136,3,0,0,0,accounting,medium0.54,0.84,4,223,3,0,0,0,accounting,medium0.59,0.83,4,239,4,0,0,0,hr,high0.86,0.87,3,205,4,0,0,0,hr,low0.98,0.68,3,203,3,0,0,0,hr,medium1,0.79,5,152,4,0,0,0,hr,medium0.9,0.79,4,236,3,1,0,0,technical,medium0.34,0.6,4,114,3,0,0,0,technical,medium0.95,0.93,3,209,2,0,0,0,technical,low0.79,0.48,4,178,2,0,0,0,technical,low0.13,0.91,4,175,5,0,0,0,technical,low0.72,0.69,3,270,4,0,0,0,technical,low0.63,0.54,3,145,2,1,0,0,technical,low0.81,0.76,5,134,2,0,0,0,technical,low0.71,0.75,4,272,4,0,0,0,technical,low0.49,0.76,3,208,2,0,0,0,technical,low0.59,0.65,4,219,3,1,0,0,technical,low0.87,0.59,5,154,3,0,0,0,support,low0.66,0.6,3,179,4,0,0,0,support,low0.78,0.92,5,137,2,0,0,0,support,low0.65,0.7,4,211,2,0,0,0,support,low0.8,0.97,5,271,4,0,0,0,support,low0.56,0.75,4,192,2,0,0,0,support,low0.85,0.67,4,228,4,0,0,0,support,low0.14,0.46,2,267,6,1,0,0,support,low0.74,0.62,4,272,2,0,0,0,support,low0.86,0.93,2,260,2,0,0,0,support,low0.71,0.96,4,161,3,0,0,0,support,low0.83,0.99,4,226,2,0,0,0,technical,low0.52,0.49,4,249,4,1,0,0,technical,medium0.63,0.8,3,243,3,0,0,0,technical,medium0.92,0.93,4,247,2,0,0,0,management,medium0.66,0.87,3,186,2,0,0,0,IT,medium0.77,0.7,3,155,3,0,0,0,IT,medium0.74,0.97,2,135,4,0,0,0,IT,medium0.81,0.76,5,198,4,0,0,0,IT,medium0.67,0.55,3,175,2,0,0,0,IT,medium0.75,0.92,3,192,3,0,0,0,product_mng,medium0.65,0.36,2,282,3,0,0,0,product_mng,medium0.81,0.6,4,179,3,0,0,0,product_mng,medium0.57,0.77,4,245,3,0,0,0,product_mng,medium0.89,0.66,4,235,3,0,0,0,IT,high0.5,0.56,4,266,2,0,0,0,RandD,low0.21,0.42,4,269,4,1,0,0,RandD,medium0.79,0.67,3,264,2,0,0,0,RandD,medium0.66,0.57,3,161,2,1,0,0,RandD,medium0.82,0.95,3,203,3,0,0,0,RandD,medium0.85,0.85,4,258,2,0,0,0,marketing,low0.72,0.96,3,143,3,0,0,0,sales,low0.52,0.92,3,214,3,0,0,0,accounting,low0.5,0.62,4,166,3,1,0,0,support,low0.52,0.82,3,192,3,0,0,0,technical,low0.13,0.87,3,185,4,1,0,0,management,low0.87,0.98,4,173,3,0,0,0,marketing,low0.53,0.98,2,163,3,0,0,0,marketing,low0.15,0.76,5,277,4,0,0,0,marketing,low0.64,0.86,5,274,2,1,0,0,sales,low0.52,0.44,3,119,2,0,0,0,sales,low0.79,0.67,4,267,3,0,0,0,sales,low0.74,0.89,3,160,2,0,0,0,sales,low0.81,0.84,4,198,2,0,0,0,sales,low0.94,0.6,3,193,3,0,0,0,sales,low0.67,0.84,6,250,2,0,0,0,sales,low0.93,0.84,3,237,4,1,0,0,sales,low0.52,0.96,4,170,2,0,0,0,sales,low0.48,0.74,2,157,2,1,0,0,sales,medium0.57,0.92,6,267,4,0,0,0,sales,medium0.71,0.77,4,192,4,0,0,0,sales,medium0.9,0.74,4,218,2,1,0,0,sales,medium0.58,0.61,4,210,3,0,0,0,sales,medium0.66,0.48,4,229,4,0,0,0,sales,medium0.59,0.66,3,186,3,0,0,0,sales,medium0.96,0.5,3,234,2,1,0,0,sales,medium0.13,0.91,2,149,5,0,0,0,sales,medium0.93,0.92,3,205,3,0,0,0,sales,medium0.54,0.72,3,148,4,0,0,0,accounting,medium0.54,0.77,5,270,3,0,0,0,accounting,medium0.87,0.62,3,176,3,0,0,0,accounting,high0.79,0.91,3,226,2,0,0,0,hr,low0.83,0.57,3,232,4,0,0,0,hr,medium0.73,0.6,3,137,3,0,0,0,hr,medium0.29,0.42,6,253,3,0,0,0,hr,medium0.8,0.7,6,231,4,0,0,0,technical,medium0.29,0.81,3,189,6,0,0,0,technical,low0.43,0.85,6,168,2,0,0,0,technical,low0.99,0.93,3,261,3,0,0,0,technical,low0.86,0.51,4,152,3,0,0,0,technical,low0.85,0.78,5,263,2,1,0,0,technical,low0.66,0.68,3,258,3,0,0,0,technical,low0.57,0.99,3,205,3,0,0,0,technical,low0.31,0.64,6,183,2,1,0,0,technical,low0.88,0.88,3,153,3,0,0,0,technical,low0.72,0.72,5,194,4,0,0,0,technical,low0.75,0.66,4,202,2,0,0,0,support,low0.82,0.71,4,164,4,0,0,0,support,low0.82,0.67,3,213,2,0,0,0,support,low0.15,0.52,4,265,6,0,0,0,support,low0.16,0.88,6,218,3,0,0,0,support,low0.95,0.4,5,286,4,0,0,0,support,low0.87,0.73,3,172,3,1,0,0,support,low0.85,0.89,4,251,2,0,0,0,support,low0.58,0.6,3,110,3,1,0,0,support,low0.63,0.86,3,269,4,0,0,0,support,low0.69,0.68,3,151,3,1,0,0,support,low0.53,0.85,5,161,2,0,0,0,technical,medium0.96,0.71,4,210,3,0,0,0,technical,medium0.73,0.83,2,167,3,0,0,0,technical,medium0.5,0.6,3,270,3,1,0,0,management,medium0.81,0.83,3,133,3,1,0,0,IT,medium0.82,0.59,3,249,3,0,0,0,IT,medium0.76,0.72,4,266,3,0,0,0,IT,medium0.27,0.82,4,276,2,0,0,0,IT,medium0.64,0.38,6,215,3,0,0,0,IT,medium0.57,0.9,3,262,2,0,0,0,product_mng,medium0.49,0.84,5,193,3,0,0,0,product_mng,medium0.66,0.92,2,102,4,0,0,0,product_mng,medium0.71,0.36,4,278,4,1,0,0,product_mng,high0.61,0.63,3,250,4,0,0,0,IT,low0.52,0.89,5,193,4,0,0,0,RandD,medium0.62,0.91,3,133,3,0,0,0,RandD,medium0.98,0.65,4,216,4,0,0,0,RandD,medium0.67,0.56,5,174,2,1,0,0,RandD,medium0.85,0.62,2,280,4,0,0,0,RandD,low0.84,0.85,4,246,2,0,0,0,marketing,low1,0.53,3,142,3,0,0,0,sales,low0.72,0.76,4,144,3,1,0,0,accounting,low0.66,0.75,6,100,4,1,0,0,support,low0.64,0.71,5,212,2,0,0,0,technical,low1,0.76,5,201,3,0,0,0,management,low0.75,0.59,5,206,2,0,0,0,marketing,low0.81,0.77,4,197,3,0,0,0,marketing,low0.31,0.98,5,232,5,0,0,0,marketing,low0.32,0.97,6,272,2,0,0,0,sales,low0.48,0.5,4,173,3,0,0,0,sales,low0.62,0.42,2,124,2,0,0,0,sales,low0.77,0.86,5,282,4,0,0,0,sales,low0.76,0.8,2,219,4,1,0,0,sales,low0.68,0.41,3,106,6,0,0,0,sales,low0.72,0.79,4,192,4,0,0,0,sales,low0.87,0.91,5,190,2,0,0,0,sales,low0.59,0.57,2,156,2,0,0,0,sales,low0.7,0.64,3,180,2,0,0,0,sales,low0.73,0.81,4,245,2,0,0,0,sales,low0.58,0.62,3,169,2,0,0,0,sales,medium0.64,0.66,3,188,4,0,0,0,sales,medium0.89,0.66,5,224,2,0,0,0,sales,medium0.95,0.71,3,263,2,1,0,0,sales,medium0.84,0.9,3,262,2,0,0,0,sales,medium0.6,0.99,4,225,3,0,0,0,sales,medium0.71,0.63,5,224,3,1,0,0,sales,medium0.6,0.95,3,266,3,0,0,0,sales,medium0.91,0.68,3,218,3,1,0,0,accounting,medium0.75,1,3,102,3,0,0,0,accounting,medium0.7,0.67,4,181,3,0,0,0,accounting,medium0.23,0.64,5,150,5,0,0,0,hr,medium0.73,0.83,4,270,2,0,0,0,hr,high0.99,0.49,4,270,2,0,0,0,hr,low0.62,0.68,5,265,3,0,0,0,hr,medium0.98,0.89,4,169,3,0,0,0,technical,medium0.61,0.94,3,224,4,0,0,0,technical,medium0.52,0.92,3,150,2,1,0,0,technical,medium0.65,0.66,5,239,4,0,0,0,technical,low0.59,0.9,3,245,3,1,0,0,technical,low0.71,0.8,3,182,2,1,0,0,technical,low0.18,0.7,5,182,4,0,0,0,technical,low0.21,0.93,4,243,4,0,0,0,technical,low0.15,0.67,6,209,5,0,0,0,technical,low0.97,0.53,4,195,4,0,0,0,technical,low0.39,0.48,3,190,2,0,0,0,technical,low0.35,0.66,2,140,2,0,0,0,support,medium0.88,0.58,4,147,4,0,0,0,support,medium0.58,0.97,3,265,3,0,0,0,support,medium0.61,0.78,3,238,2,0,0,0,support,medium0.59,0.98,3,155,3,0,0,0,support,medium0.55,0.41,4,132,5,1,0,0,support,medium0.52,0.8,5,257,3,0,0,0,support,medium0.71,0.77,2,255,3,0,0,0,support,medium0.63,0.82,5,229,2,0,0,0,support,medium0.17,0.84,5,216,4,0,0,0,support,medium0.95,0.49,4,269,4,0,0,0,support,medium1,0.73,3,205,2,0,0,0,technical,medium0.73,0.96,2,151,3,0,0,0,technical,medium0.8,0.64,4,246,3,1,0,0,technical,medium0.63,0.8,4,256,4,0,0,0,management,medium0.95,0.59,4,235,3,0,0,0,IT,medium0.75,0.83,4,229,2,0,0,0,IT,medium0.64,0.72,5,158,3,0,0,0,IT,medium0.72,1,3,197,3,0,0,0,IT,medium0.72,0.53,3,151,4,0,0,0,IT,medium0.85,0.63,3,167,3,0,0,0,product_mng,medium0.24,0.94,4,146,4,0,0,0,product_mng,medium0.69,0.53,4,281,4,0,0,0,product_mng,medium0.69,0.7,3,212,2,0,0,0,product_mng,medium0.87,0.59,5,261,3,0,0,0,IT,medium0.78,0.91,3,238,2,0,0,0,RandD,high0.76,0.74,4,235,3,0,0,0,RandD,high0.35,0.7,3,107,3,0,0,0,RandD,high0.88,0.59,6,243,4,0,0,0,RandD,high0.78,0.79,5,233,3,1,0,0,RandD,high0.36,0.42,3,206,5,0,0,0,marketing,high0.24,0.7,5,172,4,0,0,0,sales,high0.55,0.82,3,248,2,0,0,0,accounting,high0.91,0.53,3,147,4,1,0,0,support,high0.66,0.61,5,259,3,0,0,0,technical,high0.57,0.82,3,267,3,0,0,0,management,high0.64,0.64,3,263,3,0,0,0,marketing,high0.63,0.98,3,160,4,1,0,0,marketing,low0.49,0.92,5,176,3,0,0,0,marketing,low0.7,0.7,3,224,3,0,0,0,sales,low0.3,0.71,3,155,2,0,0,0,sales,low0.51,0.52,3,132,3,0,0,0,sales,low0.71,0.87,5,173,3,0,0,0,sales,low0.64,0.67,3,165,3,0,0,0,sales,low0.67,0.66,6,272,3,0,0,0,sales,low0.83,0.94,5,156,3,1,0,0,sales,low0.92,0.96,3,154,2,1,0,0,sales,low0.84,0.53,3,237,3,1,0,0,sales,low0.97,0.75,2,271,6,0,0,0,sales,low0.19,0.91,6,152,3,0,0,0,sales,low0.86,0.51,4,152,3,1,0,0,sales,low0.71,0.69,3,172,3,0,0,0,sales,low0.76,0.56,4,214,2,1,0,0,sales,medium0.68,0.88,5,201,3,0,0,0,sales,medium0.61,0.99,2,275,3,1,0,0,sales,medium0.85,0.79,3,156,3,0,0,0,sales,medium0.84,0.89,3,234,2,0,0,0,sales,medium0.62,0.63,2,123,2,0,0,0,sales,medium0.77,0.76,3,201,4,0,0,0,accounting,medium0.79,0.93,5,160,4,1,0,0,accounting,medium0.97,0.5,3,173,2,0,0,0,accounting,medium0.59,0.61,4,141,2,1,0,0,hr,medium0.93,0.62,3,231,6,0,0,0,hr,medium0.85,0.54,4,174,2,0,0,0,hr,medium0.7,0.57,4,211,3,0,0,0,hr,high0.54,0.91,3,249,3,0,0,0,technical,high0.42,0.86,2,108,5,0,0,0,technical,high0.96,0.75,4,165,3,0,0,0,technical,high0.58,0.8,3,181,4,0,0,0,technical,high0.61,0.59,3,237,2,0,0,0,technical,high0.62,0.97,5,180,2,0,0,0,technical,high0.68,0.7,3,209,3,0,0,0,technical,high0.6,0.73,3,191,5,1,0,0,technical,low0.7,0.91,4,181,2,1,0,0,technical,low0.65,0.55,4,250,2,0,0,0,technical,low0.48,0.59,2,179,2,0,0,0,technical,low0.75,0.73,3,225,4,0,0,0,support,low0.69,0.78,5,267,2,1,0,0,support,low0.34,0.46,2,169,2,1,0,0,support,low0.59,0.49,4,164,3,0,0,0,support,low0.94,0.95,4,155,3,0,0,0,support,medium0.98,0.77,5,223,2,1,0,0,support,medium0.72,0.66,3,160,3,0,0,0,support,medium0.79,0.7,4,268,2,0,0,0,support,medium0.54,0.61,4,151,4,1,0,0,support,medium0.73,0.95,3,156,2,0,0,0,support,medium0.82,0.58,4,136,3,0,0,0,support,medium0.57,0.45,3,189,2,0,0,0,technical,medium0.98,0.93,5,203,2,0,0,0,technical,medium0.91,0.65,5,174,2,0,0,0,technical,medium0.72,0.91,3,239,2,0,0,0,management,medium0.48,0.73,5,152,6,0,0,0,IT,medium0.57,0.86,4,268,6,0,0,0,IT,medium0.86,0.96,4,146,3,0,0,0,IT,medium0.63,0.85,3,232,4,0,0,0,IT,medium0.81,0.52,3,255,5,0,0,0,IT,medium0.21,0.37,4,129,4,0,0,0,product_mng,medium0.9,0.66,3,261,3,1,0,0,product_mng,medium0.79,0.78,3,101,2,1,0,0,product_mng,medium0.95,0.49,4,229,3,0,0,0,product_mng,medium0.29,0.43,3,162,4,0,0,0,IT,medium0.81,0.52,4,270,3,0,0,0,RandD,medium0.21,0.56,6,277,5,0,0,0,RandD,medium0.7,0.83,5,261,4,0,0,0,RandD,high0.66,0.64,4,204,2,0,0,0,RandD,low0.16,0.86,2,215,2,0,0,0,RandD,medium0.72,0.8,3,219,3,0,0,0,marketing,medium0.51,0.5,3,147,4,0,0,0,sales,medium0.59,0.63,5,243,2,0,0,0,accounting,medium0.66,0.4,2,155,5,1,0,0,support,medium0.69,0.84,3,253,2,0,0,0,technical,medium0.69,0.94,4,235,3,0,0,0,management,medium0.89,0.79,5,257,3,0,0,0,marketing,medium0.52,0.56,4,225,2,0,0,0,marketing,medium0.91,0.91,3,167,3,0,0,0,marketing,medium0.96,0.53,5,224,4,0,0,0,sales,low0.8,0.58,5,127,3,0,0,0,sales,low0.55,0.77,3,256,3,1,0,0,sales,low0.93,0.63,4,233,2,0,0,0,sales,low0.93,0.86,4,169,4,0,0,0,sales,low0.54,0.48,3,152,2,0,0,0,sales,low0.48,0.76,5,236,2,0,0,0,sales,low0.19,0.99,3,154,2,0,0,0,sales,high0.95,0.71,3,223,2,0,0,0,sales,low0.96,0.81,4,211,3,0,0,0,sales,high0.63,0.89,4,192,2,0,0,0,sales,high0.81,0.8,4,227,2,1,0,0,sales,low0.5,0.88,4,265,3,1,0,0,sales,low0.76,0.72,5,228,2,0,0,0,sales,high0.84,0.49,4,152,3,0,0,0,sales,low0.2,0.95,5,169,5,0,0,0,sales,medium0.78,0.92,3,169,3,0,0,0,sales,high0.8,0.68,4,157,3,0,0,0,sales,medium0.94,0.57,4,251,2,1,0,0,sales,medium0.44,0.74,5,253,2,0,0,0,accounting,medium0.92,0.85,3,155,2,0,0,0,accounting,medium0.54,0.8,3,232,2,0,0,0,accounting,high0.56,0.56,4,195,2,0,0,0,hr,medium0.66,0.69,4,198,3,1,0,0,hr,medium0.8,0.91,3,246,3,0,0,0,hr,medium0.6,0.81,2,214,3,0,0,0,hr,high0.73,0.73,5,249,3,0,0,0,technical,medium0.55,0.74,3,211,3,1,0,0,technical,high0.7,0.71,5,269,3,0,0,0,technical,low0.53,0.68,4,214,3,0,0,0,technical,medium0.9,0.94,4,231,3,0,0,0,technical,medium0.8,0.78,3,175,3,0,0,0,technical,medium0.51,0.6,5,175,3,0,0,0,technical,medium0.86,0.96,5,238,5,0,0,0,technical,low0.63,0.79,4,228,4,0,0,0,technical,low0.83,0.93,3,220,4,0,0,0,technical,low0.85,0.55,4,233,2,1,0,0,technical,low0.8,0.57,3,225,4,0,0,0,support,low0.79,0.97,5,187,3,0,0,0,support,low0.37,0.71,3,117,3,0,0,0,support,low0.85,0.9,3,184,3,1,0,0,support,low0.76,0.56,3,216,3,0,0,0,support,low0.99,0.62,4,140,2,1,0,0,support,low0.55,0.63,3,201,2,1,0,0,support,high0.69,0.69,4,167,3,1,0,0,support,low0.68,1,5,203,2,0,0,0,support,low0.69,0.9,5,231,2,1,0,0,support,low0.65,0.7,3,141,4,0,0,0,support,low0.17,0.88,6,226,3,1,0,0,technical,high0.48,0.65,3,199,2,0,0,0,technical,low0.65,0.59,4,192,3,0,0,0,technical,low0.57,0.49,4,247,2,0,0,0,management,low0.8,0.67,3,164,3,0,0,0,IT,high0.8,0.6,5,234,2,0,0,0,IT,low0.5,0.6,2,177,3,1,0,0,IT,medium0.95,0.87,3,208,2,0,0,0,IT,high0.69,0.93,3,233,3,0,0,0,IT,medium0.74,0.57,4,172,3,0,0,0,product_mng,high0.68,0.59,3,141,3,0,0,0,product_mng,medium0.68,0.55,3,213,3,0,0,0,product_mng,medium0.65,0.37,5,128,3,1,0,0,product_mng,medium0.85,0.92,4,151,3,1,0,0,IT,medium0.49,0.48,4,247,3,0,0,0,RandD,medium0.19,0.8,6,143,4,0,0,0,RandD,medium0.95,0.61,3,164,3,0,0,0,RandD,medium0.63,0.62,3,183,3,0,0,0,RandD,medium0.83,0.8,4,274,3,0,0,0,RandD,high0.62,0.78,4,261,2,0,0,0,marketing,low0.74,0.98,5,200,3,0,0,0,sales,medium0.7,0.87,5,177,2,0,0,0,accounting,medium0.28,0.38,5,139,4,0,0,0,support,medium0.39,0.56,6,228,5,0,0,0,technical,medium0.62,0.63,3,230,2,0,0,0,management,medium0.79,0.54,5,212,4,0,0,0,marketing,medium0.87,0.74,4,265,4,0,0,0,marketing,medium0.29,0.75,3,124,4,0,0,0,marketing,medium0.37,0.88,4,155,3,0,0,0,sales,medium0.68,0.55,4,215,4,0,0,0,sales,high0.9,0.51,4,214,2,0,0,0,sales,low0.97,0.65,3,181,3,0,0,0,sales,low0.6,0.77,4,229,2,0,0,0,sales,low0.58,0.79,5,262,2,0,0,0,sales,high0.83,0.86,3,165,3,0,0,0,sales,low0.83,0.73,5,136,3,0,0,0,sales,low0.94,0.71,4,151,2,1,0,0,sales,low0.69,0.9,5,226,4,0,0,0,sales,high0.81,0.81,5,215,2,0,0,0,sales,low0.19,0.5,6,143,5,1,0,0,sales,low0.18,0.64,3,223,4,1,0,0,sales,low0.58,0.63,4,271,3,0,0,0,sales,low0.76,0.65,3,220,3,0,0,0,sales,low0.26,0.47,6,182,4,0,0,0,sales,low0.78,0.87,3,190,3,0,0,0,sales,low0.71,0.56,3,198,3,0,0,0,sales,medium0.76,0.61,3,141,2,0,0,0,sales,medium0.44,0.81,3,248,2,0,0,0,accounting,medium0.26,0.69,2,168,5,0,0,0,accounting,medium0.75,0.57,5,162,3,0,0,0,accounting,medium0.64,0.9,4,211,3,0,0,0,hr,medium0.79,0.71,4,271,3,0,0,0,hr,medium0.96,0.61,3,271,2,0,0,0,hr,medium0.63,1,5,244,2,0,0,0,hr,medium0.65,0.55,5,261,3,1,0,0,technical,medium0.76,0.81,3,225,3,0,0,0,technical,medium0.26,0.9,4,266,5,0,0,0,technical,medium0.84,0.73,3,146,5,1,0,0,technical,high0.74,0.77,3,233,3,0,0,0,technical,low0.53,0.45,4,180,3,0,0,0,technical,medium0.7,0.56,5,208,3,0,0,0,technical,medium0.62,0.69,4,165,4,1,0,0,technical,medium0.71,0.68,4,221,4,0,0,0,technical,medium0.5,0.65,3,215,2,0,0,0,technical,low0.53,0.5,6,264,6,0,0,0,technical,low0.88,0.89,2,160,4,0,0,0,support,low0.79,0.83,2,192,3,0,0,0,support,low0.69,0.89,5,201,2,0,0,0,support,low0.57,0.96,4,264,2,0,0,0,support,low0.68,0.8,4,186,3,1,0,0,support,low0.6,0.82,4,272,3,0,0,0,support,low0.7,0.9,4,216,3,0,0,0,support,low0.71,0.76,4,142,2,1,0,0,support,low0.49,0.51,4,133,3,0,0,0,support,low0.74,0.7,4,260,2,0,0,0,support,low0.2,0.93,4,101,5,0,0,0,support,low0.57,0.5,4,230,2,0,0,0,technical,low0.83,0.48,3,242,4,0,0,0,technical,low0.22,0.64,3,193,2,0,0,0,technical,low0.67,0.57,2,234,4,0,0,0,management,low0.54,0.84,3,132,3,0,0,0,IT,low0.54,0.53,4,183,3,0,0,0,IT,low0.64,0.61,4,191,4,0,0,0,IT,low0.23,0.84,5,140,4,0,0,0,IT,low0.88,0.87,5,257,3,0,0,0,IT,medium0.83,0.54,4,219,3,0,0,0,product_mng,medium0.88,0.67,5,141,2,0,0,0,product_mng,medium0.9,0.85,5,162,2,0,0,0,product_mng,medium0.49,0.61,3,181,3,0,0,0,product_mng,medium0.55,0.49,3,191,3,0,0,0,IT,medium0.92,0.69,4,149,6,1,0,0,RandD,medium0.72,0.67,3,164,4,0,0,0,RandD,medium0.63,0.5,4,235,3,0,0,0,RandD,medium0.98,0.66,3,199,3,0,0,0,RandD,medium0.76,0.52,3,248,3,0,0,0,RandD,medium0.42,0.56,2,103,3,1,0,0,marketing,medium0.58,0.65,4,248,4,0,0,0,marketing,high0.85,0.82,3,153,3,1,0,0,sales,low0.67,0.95,4,241,4,0,0,0,accounting,medium0.58,1,4,258,3,0,0,0,support,medium0.84,0.76,5,172,5,1,0,0,technical,medium0.56,0.68,3,149,2,0,0,0,management,medium0.63,0.83,4,217,3,0,0,0,marketing,low0.51,0.92,3,243,3,0,0,0,marketing,low0.95,0.81,5,120,3,0,0,0,marketing,low0.85,0.55,3,137,3,1,0,0,sales,low0.73,0.78,5,150,3,0,0,0,sales,low0.2,0.49,5,199,5,0,0,0,sales,low0.78,0.79,3,203,2,0,0,0,sales,low0.83,0.8,3,273,3,0,0,0,sales,low0.87,0.56,2,214,3,1,0,0,sales,low0.98,0.99,5,141,3,0,0,0,sales,low1,0.81,5,243,3,0,0,0,sales,low0.7,0.55,4,159,3,0,0,0,sales,low0.62,0.88,5,146,3,0,0,0,sales,low0.67,0.72,4,159,2,0,0,0,sales,low0.86,0.96,4,196,3,0,0,0,sales,low0.44,0.57,5,183,2,1,0,0,sales,low0.19,0.86,4,192,4,0,0,0,sales,low0.76,0.83,4,246,2,0,0,0,sales,low0.89,0.93,5,191,4,0,0,0,sales,low0.25,0.97,3,158,3,0,0,0,sales,low0.68,1,4,167,2,0,0,0,sales,low0.38,0.5,2,187,2,1,0,0,sales,medium0.64,0.95,4,199,4,0,0,0,accounting,medium0.76,0.62,4,157,3,0,0,0,accounting,medium0.26,0.45,2,157,3,0,0,0,accounting,medium0.69,0.67,3,178,2,0,0,0,hr,medium0.98,0.66,3,154,2,0,0,0,hr,medium0.86,0.83,5,208,2,1,0,0,hr,medium0.14,0.68,4,273,5,1,0,0,hr,medium0.58,0.63,4,159,3,0,0,0,technical,medium0.63,0.97,4,234,2,0,0,0,technical,medium0.7,0.91,5,139,3,1,0,0,technical,medium0.73,0.62,4,210,4,0,0,0,technical,medium0.89,0.52,3,164,3,0,0,0,technical,high0.17,0.61,3,241,5,1,0,0,technical,low0.86,0.73,5,259,2,0,0,0,technical,medium0.59,0.73,3,159,3,1,0,0,technical,medium0.22,0.51,4,131,2,0,0,0,technical,medium0.55,0.57,3,266,2,0,0,0,technical,medium0.74,0.6,3,153,2,0,0,0,technical,low0.55,0.54,3,253,2,0,0,0,support,low0.67,0.94,4,141,2,1,0,0,support,low0.64,0.8,3,199,3,0,0,0,support,low0.58,0.71,3,205,3,0,0,0,support,low0.9,0.6,4,252,3,0,0,0,support,low0.89,0.9,4,153,3,0,0,0,support,low0.74,0.37,2,171,4,0,0,0,support,low0.78,0.91,5,150,4,0,0,0,support,low0.97,0.53,4,247,3,0,0,0,support,low0.52,0.92,4,150,2,1,0,0,support,low0.99,0.86,4,206,2,0,0,0,support,low0.76,0.44,4,192,4,1,0,0,technical,low0.69,0.96,5,164,3,0,0,0,technical,low0.59,0.69,3,186,3,0,0,0,technical,low0.95,0.63,3,249,3,0,0,0,management,low0.69,0.81,3,214,2,0,0,0,IT,low0.76,0.75,4,193,4,0,0,0,IT,low0.7,0.84,2,114,4,0,0,0,IT,low0.87,0.6,2,122,2,0,0,0,IT,low0.44,0.55,3,170,3,1,0,0,IT,low0.54,0.91,3,151,3,0,0,0,product_mng,medium0.55,0.75,3,156,3,0,0,0,product_mng,medium0.81,0.75,5,170,3,1,0,0,product_mng,medium0.5,0.55,3,188,2,0,0,0,product_mng,medium0.93,0.74,4,201,3,1,0,0,IT,medium0.64,0.5,6,254,6,0,0,0,RandD,medium0.57,0.78,3,206,4,0,0,0,RandD,medium0.95,0.74,4,216,3,0,0,0,RandD,medium0.86,0.67,5,200,3,0,0,0,RandD,medium0.82,0.58,4,202,2,0,0,0,RandD,medium0.18,0.79,4,217,4,0,0,0,RandD,medium0.58,0.7,5,151,4,0,0,0,marketing,medium0.57,0.56,3,224,2,0,0,0,sales,high0.94,0.83,5,148,3,0,0,0,accounting,low0.2,0.97,6,224,5,1,0,0,support,medium0.73,0.75,2,243,5,1,0,0,technical,medium0.94,0.8,4,238,3,1,0,0,management,medium0.99,0.61,3,254,3,0,0,0,marketing,medium0.22,0.49,4,218,4,0,0,0,marketing,low0.67,0.66,3,237,3,0,0,0,marketing,low0.49,0.67,4,185,2,0,0,0,sales,low0.78,0.95,4,184,3,0,0,0,sales,low0.15,0.74,2,176,3,1,0,0,sales,low0.91,0.89,4,260,3,0,0,0,sales,low0.7,0.78,4,254,4,0,0,0,sales,low0.6,0.95,3,221,3,0,0,0,sales,low0.59,0.57,5,257,2,0,0,0,sales,low0.59,0.93,3,265,3,1,0,0,sales,low0.55,0.64,3,138,3,1,0,0,sales,low0.42,0.75,3,163,2,1,0,0,sales,low0.57,0.81,3,144,3,0,0,0,sales,low0.72,0.51,3,146,2,1,0,0,sales,low0.83,0.81,3,242,6,0,0,0,sales,low0.89,0.93,4,249,3,0,0,0,sales,low0.55,0.59,3,245,3,0,0,0,sales,low0.53,0.75,4,201,2,0,0,0,sales,low0.74,0.59,4,177,4,1,0,0,sales,medium0.63,0.98,4,160,2,0,0,0,sales,medium0.63,0.4,6,177,2,1,0,0,sales,medium0.61,0.97,4,153,3,0,0,0,accounting,medium0.76,0.79,3,197,5,0,0,0,accounting,medium0.67,0.82,4,246,4,0,0,0,accounting,medium0.51,0.95,4,258,3,0,0,0,hr,medium0.67,0.55,3,137,3,0,0,0,hr,medium0.16,0.94,3,178,4,0,0,0,hr,medium0.34,0.85,4,123,4,0,0,0,hr,medium0.58,0.73,5,162,3,1,0,0,technical,medium0.5,0.71,5,210,5,0,0,0,technical,medium0.56,0.48,4,197,3,1,0,0,technical,high0.56,0.98,3,220,3,0,0,0,technical,low0.74,0.71,4,133,2,0,0,0,technical,medium0.69,0.99,3,198,2,0,0,0,technical,medium0.15,0.81,4,160,5,0,0,0,technical,medium0.58,0.67,2,180,2,0,0,0,technical,medium0.8,0.79,3,217,3,0,0,0,technical,low0.5,0.57,3,223,3,0,0,0,technical,low0.66,0.92,4,229,2,0,0,0,technical,low0.81,0.78,4,159,3,0,0,0,support,low0.14,0.68,5,253,5,0,0,0,support,low0.92,0.85,3,235,2,0,0,0,support,low0.69,0.91,4,186,3,0,0,0,support,low0.66,0.99,4,263,2,0,0,0,support,low0.85,0.39,4,239,4,0,0,0,support,low0.83,0.69,4,151,2,0,0,0,support,low1,0.49,3,106,4,0,0,0,support,low0.68,0.65,3,183,4,0,0,0,support,low0.26,0.97,3,125,2,0,0,0,support,low0.35,0.41,3,157,2,0,0,0,support,low0.12,0.58,3,241,2,0,0,0,technical,low0.91,0.93,4,184,3,0,0,0,technical,low0.65,0.67,4,144,3,0,0,0,technical,low0.78,0.72,3,255,4,1,0,0,management,low0.61,0.82,3,261,4,0,0,0,IT,low0.64,0.51,4,207,2,0,0,0,IT,low0.58,0.73,4,205,4,0,0,0,IT,low0.63,0.76,4,217,2,1,0,0,IT,medium0.94,0.6,4,215,2,1,0,0,IT,medium0.26,0.81,5,139,4,0,0,0,product_mng,medium0.59,0.69,3,146,3,0,0,0,product_mng,medium0.78,0.8,4,175,3,0,0,0,product_mng,medium0.86,0.64,5,188,3,0,0,0,product_mng,medium0.79,0.73,5,155,3,0,0,0,IT,medium0.89,0.73,4,171,4,0,0,0,RandD,medium0.34,0.99,4,184,3,0,0,0,RandD,medium0.29,0.77,3,164,6,0,0,0,RandD,medium0.71,0.89,3,244,4,0,0,0,RandD,medium0.93,0.58,4,222,2,0,0,0,RandD,medium0.94,0.76,4,231,3,1,0,0,RandD,high0.91,0.72,3,213,3,0,0,0,marketing,low0.71,0.96,4,144,4,0,0,0,sales,medium0.67,0.81,3,221,4,1,0,0,accounting,medium0.54,0.42,3,138,3,1,0,0,support,medium0.89,0.58,3,183,4,0,0,0,technical,medium0.94,0.91,3,250,3,1,0,0,management,low0.15,0.89,3,219,6,0,0,0,marketing,low0.45,0.92,6,164,4,1,0,0,marketing,low0.92,0.67,4,161,4,1,0,0,marketing,low0.63,0.56,4,274,5,1,0,0,sales,low0.8,0.66,4,181,3,1,0,0,sales,low0.45,0.72,3,148,2,0,0,0,sales,low0.72,0.54,3,226,2,1,0,0,sales,low0.84,0.36,6,256,5,0,0,0,sales,low0.61,0.51,3,141,2,0,0,0,sales,low0.63,0.88,3,177,3,0,0,0,sales,low0.49,0.54,4,173,2,0,0,0,sales,low0.68,0.51,2,196,3,0,0,0,sales,low0.64,0.85,5,179,2,0,0,0,sales,low0.61,0.64,4,201,3,0,0,0,sales,low0.83,0.55,5,247,3,0,0,0,sales,low0.94,0.51,5,238,2,0,0,0,sales,low0.27,0.66,3,133,6,0,0,0,sales,low0.6,0.49,2,194,4,0,0,0,sales,low0.83,0.69,4,232,2,0,0,0,sales,low0.53,0.75,3,232,3,0,0,0,sales,low0.79,0.97,4,204,3,0,0,0,sales,medium0.96,0.49,4,252,3,1,0,0,sales,medium0.5,0.56,3,164,3,0,0,0,accounting,medium0.68,0.81,5,266,2,0,0,0,accounting,medium0.24,0.54,4,226,4,1,0,0,accounting,medium0.8,0.8,4,252,6,0,0,0,hr,medium0.62,0.74,4,155,3,0,0,0,hr,medium1,0.85,3,202,2,0,0,0,hr,medium0.64,0.75,3,214,3,0,0,0,hr,medium0.51,0.55,4,267,3,0,0,0,technical,medium0.74,0.5,4,265,3,0,0,0,technical,medium0.49,0.99,3,221,2,1,0,0,technical,medium0.96,0.83,4,132,6,0,0,0,technical,high0.59,0.62,4,227,4,1,0,0,technical,low0.84,0.57,4,234,3,0,0,0,technical,medium0.16,0.84,3,238,6,0,0,0,technical,medium0.62,0.75,3,149,2,1,0,0,technical,medium0.79,0.67,4,152,3,0,0,0,technical,medium0.53,0.83,4,249,3,1,0,0,technical,low0.17,0.48,6,270,5,0,0,0,technical,low0.57,0.76,3,200,2,0,0,0,support,low0.65,0.82,4,207,2,0,0,0,support,low0.69,0.74,4,266,2,1,0,0,support,low0.3,0.8,6,250,3,0,0,0,support,low0.99,0.92,3,220,3,0,0,0,support,low0.5,0.69,4,177,2,0,0,0,support,low0.54,0.96,3,147,2,0,0,0,support,medium0.69,0.57,4,227,4,0,0,0,support,medium0.5,0.85,4,272,2,0,0,0,support,medium0.66,0.73,3,244,3,0,0,0,support,medium1,0.93,5,182,3,1,0,0,support,medium0.15,0.61,3,146,6,1,0,0,technical,medium0.31,0.54,5,259,5,1,0,0,technical,medium0.65,0.49,4,184,4,0,0,0,technical,medium0.72,0.69,4,149,2,0,0,0,management,medium0.84,0.85,4,185,3,1,0,0,IT,medium0.55,0.8,3,254,2,0,0,0,IT,medium0.6,0.58,4,249,3,0,0,0,IT,medium0.84,0.48,4,269,2,0,0,0,IT,medium0.68,0.87,3,168,3,0,0,0,IT,medium0.13,1,6,225,3,0,0,0,product_mng,medium0.88,0.98,3,160,2,0,0,0,product_mng,medium0.64,0.57,5,149,3,1,0,0,product_mng,medium0.19,0.95,5,193,3,0,0,0,product_mng,medium0.83,0.88,5,171,3,1,0,0,IT,medium0.17,0.41,4,232,3,1,0,0,RandD,medium0.44,0.74,4,250,6,0,0,0,RandD,medium0.52,0.55,4,243,2,0,0,0,RandD,medium0.66,0.62,4,250,2,0,0,0,RandD,medium0.96,0.55,4,153,3,0,0,0,RandD,medium0.19,0.5,5,126,3,1,0,0,RandD,medium0.86,1,3,192,3,0,0,0,marketing,high0.65,0.57,3,137,4,1,0,0,sales,high0.61,0.97,3,199,3,1,0,0,accounting,high0.53,0.96,3,181,3,1,0,0,support,high0.14,0.76,5,260,6,0,0,0,technical,high0.74,1,4,199,4,0,0,0,management,high0.47,0.62,6,171,5,1,0,0,marketing,high0.6,0.56,4,260,3,0,0,0,marketing,high0.81,0.58,3,243,4,0,0,0,marketing,high0.95,0.59,2,154,4,0,0,0,sales,high0.98,0.8,2,201,2,0,0,0,sales,high0.52,0.8,5,234,3,0,0,0,sales,high1,0.97,3,216,3,1,0,0,sales,low0.16,0.74,5,205,4,1,0,0,sales,low0.19,0.83,3,225,4,0,0,0,sales,low0.94,0.87,3,229,3,0,0,0,sales,low0.58,0.43,6,132,3,0,0,0,sales,low0.92,0.69,4,180,3,0,0,0,sales,low0.65,0.8,4,164,4,0,0,0,sales,low0.74,0.74,5,175,3,0,0,0,sales,low0.6,0.53,5,103,2,0,0,0,sales,low1,1,5,142,4,0,0,0,sales,low0.81,0.96,4,212,3,0,0,0,sales,low0.54,0.67,2,129,3,1,0,0,sales,low0.18,0.81,5,140,4,0,0,0,sales,low0.82,0.88,4,149,2,0,0,0,sales,low0.9,0.96,2,258,2,0,0,0,sales,low0.62,0.62,4,136,2,0,0,0,sales,medium0.77,0.76,2,216,3,1,0,0,accounting,medium0.58,0.86,3,151,2,0,0,0,accounting,medium0.27,0.47,5,217,6,0,0,0,accounting,medium0.78,0.72,4,219,3,0,0,0,hr,medium0.98,0.66,3,150,3,0,0,0,hr,medium0.75,0.5,4,98,4,0,0,0,hr,medium0.74,0.67,5,140,3,0,0,0,hr,medium0.9,0.99,3,259,3,1,0,0,technical,medium0.73,0.71,5,215,6,1,0,0,technical,medium0.9,0.62,4,258,3,0,0,0,technical,medium0.68,0.91,4,162,3,1,0,0,technical,medium0.9,0.74,3,260,4,0,0,0,technical,high0.64,0.93,5,198,2,0,0,0,technical,high0.63,0.9,2,242,3,1,0,0,technical,high0.87,0.89,4,219,4,0,0,0,technical,high0.6,0.55,4,204,3,0,0,0,technical,high0.7,0.74,3,157,3,0,0,0,technical,high0.15,0.94,5,244,6,0,0,0,technical,high0.45,0.75,3,122,3,0,0,0,support,high0.43,0.9,5,282,5,0,0,0,support,low0.92,0.46,5,195,5,0,0,0,support,low0.72,0.81,4,134,2,0,0,0,support,low0.94,0.84,3,210,2,0,0,0,support,low0.74,0.52,3,170,3,0,0,0,support,low0.48,0.71,2,140,3,1,0,0,support,low0.84,0.76,5,215,2,1,0,0,support,low0.53,0.86,3,150,3,0,0,0,support,low0.45,0.88,5,268,3,1,0,0,support,medium0.95,0.67,4,270,4,0,0,0,support,medium0.95,0.58,3,163,3,0,0,0,technical,medium0.7,0.85,3,188,2,0,0,0,technical,medium0.19,0.93,3,110,4,0,0,0,technical,medium0.74,0.91,5,135,3,0,0,0,management,medium0.54,0.59,4,228,3,0,0,0,IT,medium0.5,0.69,5,172,2,0,0,0,IT,medium0.95,0.72,3,168,5,0,0,0,IT,medium0.69,0.69,5,160,3,0,0,0,IT,medium0.24,0.74,5,282,3,0,0,0,IT,medium0.96,0.7,5,184,2,1,0,0,product_mng,medium0.61,0.5,4,217,4,1,0,0,product_mng,medium0.76,0.53,6,281,3,0,0,0,product_mng,medium0.61,0.64,3,245,2,0,0,0,product_mng,medium0.37,0.48,2,285,5,0,0,0,IT,medium0.81,0.9,4,165,3,0,0,0,RandD,medium0.59,0.9,3,146,3,0,0,0,RandD,medium0.73,0.82,3,133,3,0,0,0,RandD,medium0.87,0.57,2,181,6,0,0,0,RandD,medium0.67,0.66,6,152,3,0,0,0,RandD,medium0.96,0.78,2,284,3,0,0,0,RandD,medium0.98,0.51,3,157,3,0,0,0,marketing,medium0.5,0.58,4,165,2,0,0,0,sales,high0.49,0.71,3,255,2,1,0,0,accounting,low0.13,0.65,4,194,4,0,0,0,support,medium0.57,0.68,3,102,6,0,0,0,technical,medium0.51,0.94,4,247,2,0,0,0,management,medium0.99,0.69,3,206,2,0,0,0,marketing,medium0.8,0.77,3,171,2,0,0,0,marketing,medium0.56,0.39,5,263,4,0,0,0,marketing,medium0.96,0.84,4,272,4,1,0,0,sales,medium0.96,0.5,3,158,2,1,0,0,sales,medium0.87,0.53,6,216,6,1,0,0,sales,medium0.61,0.9,5,113,3,0,0,0,sales,medium0.18,0.6,3,140,4,0,0,0,sales,low0.24,0.77,5,178,5,0,0,0,sales,low0.86,0.48,4,153,3,0,0,0,sales,low0.25,0.62,6,271,5,0,0,0,sales,low0.25,0.82,3,269,5,0,0,0,sales,low0.63,0.55,3,160,3,0,0,0,sales,low0.89,0.68,4,258,2,1,0,0,sales,low0.87,0.82,4,251,3,0,0,0,sales,high0.87,0.78,3,170,2,0,0,0,sales,low0.71,0.99,4,238,4,1,0,0,sales,high0.98,0.87,4,152,2,0,0,0,sales,high0.16,0.51,3,262,6,0,0,0,sales,low0.83,0.68,4,273,2,0,0,0,sales,low0.65,0.77,3,233,2,0,0,0,sales,high0.95,0.64,3,262,3,0,0,0,sales,low0.67,0.67,3,183,3,0,0,0,accounting,medium0.53,0.88,3,150,3,1,0,0,accounting,high0.74,0.94,3,132,3,0,0,0,accounting,medium0.77,0.79,3,200,4,0,0,0,hr,medium0.13,0.72,4,148,5,0,0,0,hr,medium0.82,0.92,3,187,3,1,0,0,hr,medium0.88,0.65,4,224,2,0,0,0,hr,high0.89,0.5,4,147,2,0,0,0,technical,medium0.85,0.51,3,153,4,0,0,0,technical,medium0.93,0.87,5,154,2,0,0,0,technical,medium0.62,0.7,5,270,3,0,0,0,technical,high0.58,0.96,3,202,2,0,0,0,technical,medium0.98,0.5,4,264,3,0,0,0,technical,high0.52,0.45,2,145,3,0,0,0,technical,low0.76,0.49,3,138,2,1,0,0,technical,medium0.73,0.91,3,238,2,0,0,0,technical,medium0.74,0.64,4,147,5,0,0,0,technical,medium0.49,0.48,3,190,2,0,0,0,technical,medium0.91,0.97,4,183,3,0,0,0,support,low0.74,0.92,5,255,3,0,0,0,support,low0.86,0.82,4,252,4,0,0,0,support,low0.52,0.47,6,141,5,1,0,0,support,low0.95,0.81,3,260,2,0,0,0,support,low0.65,0.98,3,136,3,0,0,0,support,low0.7,0.56,4,182,2,0,0,0,support,low0.14,0.66,6,142,5,0,0,0,support,low0.92,0.53,2,261,4,0,0,0,support,low0.54,0.6,3,209,2,0,0,0,support,low0.76,0.95,2,156,4,0,0,0,support,high0.78,0.66,4,214,2,0,0,0,technical,low0.85,0.86,4,250,3,0,0,0,technical,low0.78,0.8,4,197,3,1,0,0,technical,low0.55,0.72,3,149,3,0,0,0,management,low0.68,0.61,5,271,2,0,0,0,IT,high0.91,0.68,4,187,2,0,0,0,IT,low0.76,0.56,3,154,2,0,0,0,IT,low0.15,0.67,4,264,3,0,0,0,IT,low0.95,0.6,2,144,3,0,0,0,IT,high0.74,0.37,6,200,3,0,0,0,product_mng,low0.92,0.56,5,197,2,1,0,0,product_mng,medium0.64,0.89,3,175,3,1,0,0,product_mng,high0.96,0.9,3,161,3,0,0,0,product_mng,medium0.21,0.72,3,245,6,0,0,0,IT,high0.85,0.67,3,167,4,0,0,0,RandD,medium0.52,0.86,5,168,3,0,0,0,RandD,medium0.54,0.81,5,261,6,0,0,0,RandD,medium0.56,0.81,5,274,4,0,0,0,RandD,medium0.59,0.79,4,181,3,0,0,0,RandD,medium0.88,0.58,5,266,3,1,0,0,marketing,medium0.7,0.84,4,184,3,0,0,0,sales,medium0.95,0.58,3,193,2,0,0,0,accounting,medium0.83,0.88,3,217,2,1,0,0,support,high0.76,0.62,4,197,3,0,0,0,technical,low0.82,0.92,5,252,3,0,0,0,management,medium0.55,0.97,4,136,3,0,0,0,marketing,medium0.89,0.55,5,194,4,0,0,0,marketing,medium0.66,0.94,4,190,3,0,0,0,marketing,medium0.41,0.61,3,185,2,1,0,0,sales,medium0.83,0.77,3,232,2,1,0,0,sales,medium0.88,0.72,3,200,2,1,0,0,sales,medium0.56,0.66,5,155,2,0,0,0,sales,medium0.53,0.72,3,228,3,0,0,0,sales,medium0.8,0.41,3,188,4,0,0,0,sales,high0.95,0.78,4,245,3,0,0,0,sales,low0.9,0.88,4,205,2,0,0,0,sales,low0.5,0.97,4,269,3,0,0,0,sales,low0.4,0.59,3,207,6,0,0,0,sales,high0.52,0.85,3,250,4,0,0,0,sales,low0.51,0.5,5,251,3,1,0,0,sales,low0.84,0.62,5,217,3,0,0,0,sales,low0.78,0.98,5,252,3,0,0,0,sales,high0.91,0.71,2,159,3,1,0,0,sales,low0.59,0.71,5,169,2,0,0,0,sales,low0.69,0.97,5,105,4,0,0,0,sales,low0.87,0.93,4,268,2,0,0,0,sales,low0.66,1,5,145,2,0,0,0,sales,low0.5,0.54,4,165,3,0,0,0,accounting,low0.95,0.75,3,253,4,0,0,0,accounting,low0.77,0.64,3,254,3,0,0,0,accounting,medium0.66,0.5,3,218,2,0,0,0,hr,medium0.61,0.98,3,138,5,1,0,0,hr,medium0.7,0.87,5,239,3,0,0,0,hr,medium0.89,0.71,5,182,2,1,0,0,hr,medium0.6,0.78,4,152,3,1,0,0,technical,medium0.62,0.51,3,222,3,1,0,0,technical,medium0.59,0.9,2,219,2,1,0,0,technical,medium0.69,0.59,4,266,4,0,0,0,technical,medium0.36,0.94,3,113,5,1,0,0,technical,medium0.59,0.93,4,146,3,0,0,0,technical,medium0.5,0.51,5,238,4,0,0,0,technical,medium0.53,0.99,3,188,3,0,0,0,technical,high0.84,0.9,4,237,2,0,0,0,technical,low0.51,0.95,4,201,3,0,0,0,technical,medium0.53,0.56,5,188,3,0,0,0,technical,medium0.98,0.63,3,137,3,0,0,0,support,medium0.95,0.81,4,263,3,0,0,0,support,medium0.13,0.76,5,217,3,0,0,0,support,low0.5,0.64,4,213,4,0,0,0,support,low0.93,0.76,3,244,3,0,0,0,support,low0.5,0.87,3,252,2,0,0,0,support,low0.66,0.84,4,168,2,0,0,0,support,low0.89,0.79,4,212,3,0,0,0,support,low0.46,0.43,4,258,3,0,0,0,support,low0.67,0.6,4,210,3,0,0,0,support,low0.96,0.9,4,246,3,0,0,0,support,low0.98,0.76,4,221,3,1,0,0,technical,low0.67,0.57,5,215,4,0,0,0,technical,low0.72,0.72,4,175,4,0,0,0,technical,low0.65,0.49,5,221,2,0,0,0,management,low0.72,0.67,5,219,3,0,0,0,IT,low0.78,0.58,3,154,3,0,0,0,IT,low0.93,0.56,3,266,2,0,0,0,IT,low0.73,0.85,5,224,4,0,0,0,IT,low0.2,0.57,4,269,5,1,0,0,IT,low0.47,0.5,4,159,2,0,0,0,product_mng,low0.56,0.62,4,247,3,0,0,0,product_mng,low0.72,0.86,4,137,2,0,0,0,product_mng,low0.91,0.56,4,251,4,0,0,0,product_mng,medium0.79,0.49,5,210,3,0,0,0,IT,medium0.53,0.75,2,123,4,0,0,0,RandD,medium0.14,0.51,4,253,6,0,0,0,RandD,medium0.78,0.92,5,242,4,0,0,0,RandD,medium0.52,0.74,3,238,3,0,0,0,RandD,medium0.94,0.68,5,151,2,0,0,0,RandD,medium0.83,0.8,4,158,4,0,0,0,marketing,medium0.44,0.68,2,120,2,0,0,0,marketing,medium0.72,0.74,3,187,2,0,0,0,sales,medium0.84,0.58,3,140,3,0,0,0,accounting,medium0.76,0.99,3,164,2,0,0,0,support,medium0.92,0.94,5,253,2,0,0,0,technical,high0.58,0.93,5,235,2,0,0,0,management,low0.85,0.81,4,189,4,0,0,0,marketing,medium0.74,0.51,4,246,3,1,0,0,marketing,medium0.74,0.87,4,258,2,0,0,0,marketing,medium0.72,0.8,3,158,3,0,0,0,sales,medium0.76,0.98,4,173,3,1,0,0,sales,low0.85,0.72,3,201,3,0,0,0,sales,low0.82,0.49,5,185,3,0,0,0,sales,low0.6,0.93,5,270,3,1,0,0,sales,low0.39,0.64,3,152,2,0,0,0,sales,low0.83,0.53,3,211,4,1,0,0,sales,low0.7,0.92,3,162,3,1,0,0,sales,low0.84,0.97,4,253,2,1,0,0,sales,low0.9,0.77,4,236,3,0,0,0,sales,low0.18,0.84,4,231,5,0,0,0,sales,low0.52,0.71,2,231,2,0,0,0,sales,low0.87,0.51,4,233,3,0,0,0,sales,low0.6,0.79,5,217,2,0,0,0,sales,low0.72,0.93,4,174,2,0,0,0,sales,low0.48,0.64,4,227,3,0,0,0,sales,low0.75,0.53,3,222,2,0,0,0,sales,low0.85,0.55,2,207,6,0,0,0,sales,low0.39,0.41,6,115,3,0,0,0,sales,low0.61,0.68,3,254,2,0,0,0,accounting,low0.6,0.61,4,170,3,0,0,0,accounting,low0.57,0.64,2,206,3,0,0,0,accounting,low0.19,0.68,5,149,3,0,0,0,hr,medium0.48,0.77,3,197,3,0,0,0,hr,medium0.69,0.75,4,261,3,0,0,0,hr,medium0.7,0.55,4,256,4,0,0,0,hr,medium0.65,0.92,3,219,3,0,0,0,technical,medium0.81,0.96,4,143,3,1,0,0,technical,medium0.85,0.95,4,171,3,0,0,0,technical,medium0.93,0.76,4,207,2,0,0,0,technical,medium0.72,0.94,4,235,3,0,0,0,technical,medium0.49,0.55,2,173,3,0,0,0,technical,medium0.94,0.47,5,131,6,0,0,0,technical,medium0.81,0.84,4,143,2,0,0,0,technical,medium0.92,0.78,5,193,4,0,0,0,technical,high0.97,0.82,3,135,2,0,0,0,technical,low0.98,0.61,4,265,2,1,0,0,technical,medium0.44,0.45,3,133,2,1,0,0,support,medium0.72,0.87,4,184,4,0,0,0,support,medium0.8,0.73,5,135,3,0,0,0,support,medium0.6,0.72,4,267,4,0,0,0,support,low0.89,0.65,4,184,3,0,0,0,support,low0.69,0.57,5,227,2,0,0,0,support,low0.54,0.81,4,257,2,0,0,0,support,low0.97,0.75,5,235,3,1,0,0,support,low0.37,0.4,4,161,2,0,0,0,support,low0.73,0.52,4,215,3,0,0,0,support,low0.57,0.69,4,146,3,0,0,0,support,low0.86,0.66,4,191,2,0,0,0,technical,low0.83,0.85,4,261,3,0,0,0,technical,low0.19,0.52,5,200,5,0,0,0,technical,low0.55,0.93,4,239,4,0,0,0,management,low0.6,0.65,4,160,2,0,0,0,IT,low0.62,0.71,3,177,3,1,0,0,IT,low0.65,0.55,5,215,2,0,0,0,IT,low0.4,0.48,4,97,2,0,0,0,IT,low0.82,0.78,5,231,2,1,0,0,IT,low0.75,0.69,2,257,2,1,0,0,product_mng,low0.83,0.53,3,232,3,1,0,0,product_mng,low0.77,0.78,4,212,3,0,0,0,product_mng,low0.59,0.98,4,198,3,0,0,0,product_mng,low0.8,0.79,5,240,4,0,0,0,IT,medium0.84,0.55,3,242,3,0,0,0,RandD,medium0.88,0.71,4,250,3,0,0,0,RandD,medium0.37,0.9,3,229,6,0,0,0,RandD,medium0.88,0.66,4,133,2,0,0,0,RandD,medium0.69,0.85,3,200,2,0,0,0,RandD,medium0.54,0.49,2,155,2,1,0,0,marketing,medium0.76,0.57,5,139,4,0,0,0,sales,medium0.51,0.58,4,272,3,0,0,0,accounting,medium0.16,0.52,3,100,4,0,0,0,support,medium0.65,0.6,5,160,3,0,0,0,technical,medium0.54,0.81,5,195,4,0,0,0,management,medium0.66,0.68,4,152,3,0,0,0,marketing,high0.95,0.65,5,182,3,0,0,0,marketing,low0.83,0.57,3,137,2,0,0,0,marketing,medium0.98,0.84,4,182,3,0,0,0,sales,medium0.72,0.72,3,217,2,0,0,0,sales,medium0.71,0.62,4,192,4,0,0,0,sales,medium0.36,0.65,3,116,2,1,0,0,sales,low0.55,0.65,4,170,4,0,0,0,sales,low0.64,0.52,3,223,3,0,0,0,sales,low0.62,0.57,3,174,2,0,0,0,sales,low1,0.95,3,193,6,0,0,0,sales,low0.91,0.91,6,167,2,1,0,0,sales,low0.81,0.67,4,225,3,0,0,0,sales,low0.71,0.92,4,248,3,1,0,0,sales,low0.97,0.74,3,104,5,0,0,0,sales,low0.75,0.86,6,148,4,0,0,0,sales,low0.68,1,3,148,4,1,0,0,sales,low0.87,0.68,5,187,3,0,0,0,sales,low0.96,0.57,3,151,2,0,0,0,sales,low0.41,0.86,6,215,5,0,0,0,sales,low0.81,0.61,4,142,4,0,0,0,sales,low0.68,1,6,258,5,0,0,0,sales,low0.63,0.56,4,228,3,0,0,0,accounting,low0.6,0.84,2,221,3,0,0,0,accounting,low0.66,0.97,3,263,3,0,0,0,accounting,medium0.69,0.82,4,273,4,0,0,0,hr,medium0.23,0.37,3,247,4,0,0,0,hr,medium0.52,0.63,3,225,3,0,0,0,hr,medium0.65,0.86,4,269,2,1,0,0,hr,medium0.78,0.4,6,174,3,0,0,0,technical,medium0.6,0.65,5,201,2,0,0,0,technical,medium0.9,0.62,3,254,3,0,0,0,technical,medium0.59,0.95,5,254,2,0,0,0,technical,medium0.89,0.78,3,185,2,1,0,0,technical,medium0.96,0.85,4,200,4,0,0,0,technical,medium0.68,0.76,3,190,3,1,0,0,technical,medium0.52,0.72,2,160,2,0,0,0,technical,high0.68,0.94,3,264,2,0,0,0,technical,low0.6,0.59,3,172,3,0,0,0,technical,medium0.28,0.83,5,279,4,0,0,0,technical,medium0.98,0.54,5,260,3,0,0,0,support,medium0.67,0.52,4,262,2,0,0,0,support,medium0.86,0.6,5,134,2,1,0,0,support,low0.83,0.9,3,195,3,0,0,0,support,low0.79,0.86,3,139,3,0,0,0,support,low0.54,0.86,4,205,5,0,0,0,support,low0.51,0.86,5,212,2,0,0,0,support,low0.75,0.65,4,148,2,0,0,0,support,low0.51,0.67,4,228,3,0,0,0,support,low0.73,0.74,5,230,3,0,0,0,support,low0.17,0.4,4,286,3,0,0,0,support,low0.88,0.59,4,142,3,0,0,0,technical,low0.76,0.79,3,161,3,0,0,0,technical,low0.29,0.77,3,152,3,1,0,0,technical,low0.62,0.97,4,266,3,0,0,0,management,low0.5,0.85,2,143,3,0,0,0,IT,low0.16,0.65,5,165,3,0,0,0,IT,low0.18,0.99,4,204,6,0,0,0,IT,low0.86,0.68,4,170,2,0,0,0,IT,low0.68,0.52,5,203,3,0,0,0,IT,low0.68,0.85,3,199,3,0,0,0,product_mng,low0.89,0.78,4,223,3,0,0,0,product_mng,low0.86,0.88,4,220,2,0,0,0,product_mng,low0.43,0.41,4,190,3,0,0,0,product_mng,medium0.85,0.58,4,143,6,1,0,0,IT,medium0.94,0.8,5,111,4,0,0,1,RandD,medium0.58,0.71,4,145,3,1,0,1,RandD,medium0.43,0.6,3,138,3,0,0,1,RandD,medium0.72,0.49,3,203,3,0,0,1,RandD,medium0.95,0.96,5,175,3,1,0,1,RandD,medium0.35,0.67,3,119,3,0,0,1,marketing,medium0.77,0.79,3,157,3,0,0,1,sales,medium0.74,0.7,5,135,2,0,0,1,accounting,medium0.5,0.6,4,200,2,0,0,1,support,medium0.87,0.56,4,121,2,0,0,1,technical,medium0.55,0.48,3,162,3,0,0,1,management,high0.8,0.65,3,135,3,0,0,1,marketing,low0.49,0.52,4,183,2,0,0,1,marketing,medium0.54,0.92,4,228,3,0,0,1,marketing,medium0.21,0.87,4,148,5,0,0,0,sales,medium0.77,0.77,3,219,2,0,0,0,sales,medium0.53,0.73,4,147,3,0,0,0,sales,low0.89,0.49,5,165,6,0,0,0,sales,low0.25,0.59,4,218,3,1,0,0,sales,low0.53,0.59,3,231,2,0,0,0,sales,low0.44,0.45,2,124,3,0,0,0,sales,low0.7,0.44,2,131,2,0,0,0,sales,low0.54,0.76,3,199,4,0,0,0,sales,low0.9,0.56,3,220,3,0,0,0,sales,low0.69,0.8,5,215,3,0,0,0,sales,low0.78,0.59,4,180,3,0,0,0,sales,low0.91,0.49,6,272,6,0,0,0,sales,low0.92,0.61,2,228,2,0,0,0,sales,low0.96,0.88,3,168,2,0,0,0,sales,low0.8,0.77,4,205,2,0,0,0,sales,low0.52,0.67,3,244,3,0,0,0,sales,low0.52,0.97,3,185,2,0,0,0,sales,low0.93,0.96,5,135,3,1,0,0,sales,low0.89,0.9,4,160,2,0,0,0,accounting,low0.83,0.61,4,262,4,0,0,0,accounting,low0.7,0.84,6,225,6,0,0,0,accounting,low0.89,0.74,4,174,2,0,0,0,hr,low0.21,0.37,6,266,3,0,0,1,hr,medium0.67,0.78,4,241,4,0,0,1,hr,medium0.73,0.97,3,245,2,0,0,1,hr,medium0.85,0.51,3,261,4,0,0,1,technical,medium0.54,0.85,4,157,3,0,0,1,technical,medium0.74,0.94,3,286,6,0,0,1,technical,medium0.71,0.65,4,263,2,1,0,1,technical,medium0.76,0.52,2,229,3,0,0,1,technical,medium0.85,0.5,4,159,2,0,0,1,technical,medium0.82,0.89,4,196,3,0,0,1,technical,medium0.71,0.79,4,133,3,0,0,1,technical,medium0.79,0.65,5,228,3,0,0,1,technical,medium0.86,0.56,4,247,3,0,0,1,technical,high0.9,0.78,5,215,3,0,0,1,technical,low0.65,0.8,6,233,3,1,0,1,support,medium0.53,0.74,5,237,2,0,0,1,support,medium0.51,0.91,4,269,5,0,0,1,support,medium1,0.76,6,246,3,1,0,1,support,medium0.92,0.82,4,168,3,0,0,1,support,low1,0.59,3,168,3,0,0,1,support,low0.23,0.67,4,163,5,0,0,1,support,low0.52,0.77,3,142,2,0,0,1,support,low0.8,0.83,4,183,2,1,0,1,support,low0.59,0.72,4,264,3,0,0,0,support,low0.75,0.55,2,184,2,0,0,0,support,low0.99,0.58,4,138,3,0,0,0,technical,low0.57,0.76,3,195,3,0,0,0,technical,medium0.87,0.95,4,251,3,0,0,0,technical,medium0.52,0.47,3,108,5,0,0,0,management,medium0.57,0.9,3,144,2,0,0,0,IT,medium0.32,0.77,6,112,4,0,0,0,IT,medium0.66,0.81,2,201,3,0,0,0,IT,medium0.53,0.8,4,204,3,0,0,0,IT,medium0.55,0.62,5,226,3,0,0,0,IT,medium0.66,0.9,3,217,4,0,0,0,product_mng,medium0.69,0.92,4,149,2,0,0,0,product_mng,medium0.67,0.99,5,237,3,0,0,0,product_mng,medium0.75,0.37,3,256,3,0,0,0,product_mng,medium0.7,0.98,4,194,2,0,0,0,IT,medium0.71,0.74,3,202,2,0,0,0,RandD,medium0.97,0.6,5,133,2,0,0,0,RandD,medium0.5,0.48,3,246,3,0,0,0,RandD,medium0.34,0.92,3,206,3,0,0,0,RandD,medium0.67,0.74,3,204,3,0,0,0,RandD,medium0.78,0.98,4,157,3,0,0,0,marketing,medium0.52,0.91,4,187,2,0,0,0,sales,medium0.91,0.51,2,211,2,0,0,0,accounting,medium0.79,0.92,3,204,3,0,0,0,support,medium0.83,0.53,5,182,2,1,0,0,technical,medium0.74,0.76,3,244,3,0,0,0,management,medium0.77,0.97,3,184,3,1,0,0,marketing,medium0.49,0.71,2,117,3,0,0,0,marketing,high0.94,0.89,3,230,3,1,0,0,marketing,high0.99,0.91,3,241,2,0,0,0,sales,high0.69,0.84,3,227,3,1,0,0,sales,high0.88,0.59,5,147,4,0,0,0,sales,high0.89,0.9,3,240,3,0,0,0,sales,high0.8,0.58,4,238,2,0,0,0,sales,high0.22,0.89,4,262,4,0,0,0,sales,high0.87,0.83,4,215,2,0,0,0,sales,high0.66,0.66,3,211,4,0,0,0,sales,high0.9,0.68,3,156,3,1,0,0,sales,high0.95,0.54,4,180,5,0,0,0,sales,high0.49,0.56,4,260,6,0,0,0,sales,low0.71,0.68,4,228,2,0,0,0,sales,low0.2,0.96,2,249,3,0,0,0,sales,low0.95,0.64,3,242,5,1,0,0,sales,low0.68,0.8,2,254,2,1,0,0,sales,low0.93,0.68,3,272,2,1,0,0,sales,low0.85,0.57,5,210,3,0,0,0,sales,low0.82,0.68,3,140,2,0,0,0,sales,low0.87,0.42,5,252,5,0,0,0,sales,low0.88,0.84,3,266,3,0,0,0,accounting,low0.98,0.79,4,138,3,0,0,0,accounting,low0.89,0.98,3,220,3,0,0,0,accounting,low0.92,0.51,5,214,3,0,0,0,hr,low0.48,0.6,2,121,5,0,0,0,hr,low0.67,0.49,4,195,3,0,0,0,hr,low0.84,0.55,3,135,3,0,0,0,hr,medium0.97,0.78,4,261,2,0,0,0,technical,medium0.65,0.53,5,205,3,1,0,0,technical,medium0.79,0.87,5,240,2,1,0,0,technical,medium0.75,0.75,2,141,4,0,0,0,technical,medium0.69,0.64,4,200,3,0,0,0,technical,medium0.85,0.6,4,257,3,0,0,0,technical,medium0.34,0.41,2,141,3,0,0,0,technical,medium0.97,0.68,3,185,2,0,0,0,technical,medium0.39,0.99,6,235,6,0,0,0,technical,medium0.54,0.81,4,264,4,0,0,0,technical,medium0.78,0.67,4,260,3,0,0,0,technical,medium0.49,0.79,4,158,3,0,0,0,support,high0.17,0.83,6,195,5,0,0,0,support,high0.98,0.81,3,180,2,1,0,0,support,high0.9,1,2,114,5,0,0,0,support,high0.24,0.89,5,228,4,1,0,0,support,high0.92,0.79,5,243,3,1,0,0,support,high0.36,0.72,3,179,3,0,0,0,support,high0.19,0.76,2,158,3,0,0,0,support,high0.75,0.76,4,254,4,0,0,0,support,low0.91,0.81,3,220,3,1,0,0,support,low0.72,0.95,5,171,3,0,0,0,support,low0.62,0.64,4,142,2,0,0,0,technical,low0.97,0.75,3,241,2,0,0,0,technical,low0.69,0.64,3,275,3,0,0,0,technical,low0.98,0.56,3,157,2,0,0,0,management,low0.62,0.53,5,169,3,0,0,0,IT,low0.59,0.82,2,233,2,0,0,0,IT,medium0.73,0.98,4,160,3,0,0,0,IT,medium0.71,0.79,3,189,3,0,0,0,IT,medium0.85,0.58,4,273,4,0,0,0,IT,medium0.8,0.94,4,141,3,1,0,0,product_mng,medium0.48,0.38,3,134,3,0,0,0,product_mng,medium0.64,0.4,3,248,3,0,0,0,product_mng,medium0.19,0.64,6,222,5,0,0,0,product_mng,medium0.82,0.69,5,219,3,0,0,0,IT,medium0.99,0.96,4,202,3,0,0,0,RandD,medium0.45,0.58,3,200,2,0,0,0,RandD,medium0.89,0.89,3,138,2,0,0,0,RandD,medium0.75,0.78,4,158,5,1,0,0,RandD,medium0.8,0.86,3,136,2,0,0,0,RandD,medium0.78,0.49,4,222,2,0,0,0,marketing,medium0.95,0.76,3,236,2,1,0,0,sales,medium0.68,0.67,4,135,2,0,0,0,accounting,medium0.82,0.97,5,235,3,0,0,0,support,medium0.9,0.69,4,274,2,0,0,0,technical,medium0.59,0.99,3,235,2,0,0,0,management,medium0.66,0.57,3,169,4,1,0,0,marketing,medium0.63,0.56,5,286,4,0,0,0,marketing,medium0.73,0.78,3,166,2,0,0,0,marketing,medium0.63,0.93,3,236,4,0,0,0,sales,high0.87,0.62,5,197,2,0,0,0,sales,low0.62,0.87,6,169,2,1,0,0,sales,medium0.53,0.9,3,210,3,0,0,0,sales,medium0.94,0.83,4,156,2,0,0,0,sales,medium0.94,0.55,5,231,2,0,0,0,sales,medium0.55,0.64,3,101,2,1,0,0,sales,medium0.58,0.72,4,259,3,0,0,0,sales,medium0.98,0.88,5,203,5,1,0,0,sales,medium0.74,0.76,5,255,4,0,0,0,sales,medium0.65,0.48,3,131,3,1,0,0,sales,medium0.97,0.79,2,272,2,0,0,0,sales,medium0.58,0.75,4,253,2,0,0,0,sales,low0.49,0.77,2,254,2,0,0,0,sales,low0.69,0.98,3,214,2,0,0,0,sales,low0.55,0.49,5,195,3,0,0,0,sales,low0.65,0.89,4,240,3,0,0,0,sales,low0.87,0.49,4,149,2,0,0,0,sales,low0.12,0.7,4,276,4,0,0,0,sales,low0.65,0.84,4,247,4,0,0,0,accounting,high0.23,0.66,4,212,4,1,0,0,accounting,low0.62,0.77,4,256,3,0,0,0,accounting,high0.86,0.72,4,178,2,0,0,0,hr,high0.85,0.6,4,255,4,0,0,0,hr,low0.74,0.76,3,224,2,0,0,0,hr,low0.53,0.76,2,204,4,0,0,0,hr,high0.99,0.44,6,104,6,0,0,0,technical,low0.48,0.81,5,113,3,0,0,0,technical,medium0.72,0.74,3,243,2,0,0,0,technical,high0.76,0.72,3,242,5,1,0,0,technical,medium0.41,0.7,4,177,3,0,0,0,technical,medium0.85,0.88,3,235,2,0,0,0,technical,medium0.62,0.49,4,175,3,0,0,0,technical,medium0.16,0.78,4,280,6,0,0,0,technical,high0.58,0.61,3,205,2,0,0,0,technical,medium0.73,0.95,4,243,3,0,0,0,technical,medium0.28,0.76,3,150,2,0,0,0,technical,medium0.77,0.61,4,178,2,1,0,0,support,high0.85,0.86,3,231,3,0,0,0,support,medium0.56,0.76,3,134,2,0,0,0,support,high0.81,1,5,143,2,0,0,0,support,low0.83,0.87,3,156,3,0,0,0,support,medium0.49,0.48,4,249,3,0,0,0,support,medium0.81,0.97,3,247,3,0,0,0,support,medium0.56,0.92,5,222,4,0,0,0,support,medium0.77,0.83,3,160,3,0,0,0,support,low0.73,0.5,4,224,4,1,0,0,support,low0.95,0.72,4,235,2,0,0,0,support,low0.69,0.68,5,167,3,0,0,0,technical,low0.79,0.89,3,104,4,0,0,0,technical,low0.63,0.57,5,160,2,0,0,0,technical,low0.8,0.79,4,168,3,0,0,0,management,low0.64,0.61,2,153,2,0,0,0,IT,low0.92,0.9,4,249,3,0,0,0,IT,low0.96,0.75,4,177,2,0,0,0,IT,low0.56,0.85,3,225,3,0,0,0,IT,high0.37,0.61,3,186,2,0,0,0,IT,low0.5,0.82,3,133,2,1,0,0,product_mng,low0.49,0.58,4,213,4,1,0,0,product_mng,low1,0.73,3,245,2,1,0,0,product_mng,low0.82,0.75,5,160,3,1,0,0,product_mng,high0.52,0.54,4,212,3,0,0,0,IT,low0.76,0.96,4,135,3,1,0,1,RandD,low0.2,0.53,3,149,4,0,0,1,RandD,low0.6,0.9,4,178,3,0,0,1,RandD,high0.69,0.9,6,224,4,0,0,1,RandD,low0.93,0.51,3,196,2,0,0,1,RandD,medium0.7,0.64,4,178,3,1,0,1,marketing,high0.56,0.54,4,191,2,1,0,1,sales,medium0.97,0.61,4,167,3,0,0,1,accounting,high0.24,0.65,6,275,5,1,0,1,support,medium0.83,0.91,3,168,3,0,0,1,technical,medium0.55,0.85,3,152,2,0,0,1,management,medium0.68,0.99,3,263,3,1,0,1,marketing,medium0.48,0.53,3,113,4,0,0,0,marketing,medium0.75,0.95,3,253,3,0,0,0,marketing,medium0.61,0.5,4,271,3,1,0,0,sales,medium0.5,0.74,4,165,2,1,0,0,sales,medium0.78,0.54,5,257,3,0,0,0,sales,high0.61,0.68,4,244,3,0,0,0,sales,low0.48,0.5,4,179,3,0,0,0,sales,medium0.93,0.92,3,248,2,0,0,0,sales,medium0.78,0.58,3,224,2,0,0,0,sales,medium0.92,0.99,5,236,4,0,0,0,sales,medium0.71,0.98,5,213,3,0,0,0,sales,medium0.15,0.42,4,238,3,0,0,0,sales,medium0.14,0.83,5,153,5,1,0,0,sales,medium0.56,0.72,4,247,2,0,0,0,sales,medium1,0.84,3,154,3,0,0,0,sales,medium0.77,0.82,3,147,4,0,0,0,sales,high0.86,0.66,3,150,2,0,0,0,sales,low0.88,0.95,3,137,3,0,0,0,sales,low0.85,0.84,5,179,3,0,0,0,sales,low0.95,0.56,5,194,2,0,0,0,sales,high0.65,0.65,4,224,3,0,0,0,sales,low0.7,0.55,3,253,2,1,0,0,accounting,low0.6,0.55,3,177,3,1,0,0,accounting,low0.84,0.83,3,215,3,0,0,0,accounting,high0.23,0.59,5,245,5,0,0,0,hr,low0.89,0.75,3,134,3,0,0,0,hr,low0.98,0.91,4,273,2,0,0,0,hr,low0.88,0.83,4,163,3,0,0,0,hr,low0.87,0.52,3,152,4,0,0,0,technical,low0.93,0.96,3,268,4,0,0,0,technical,low0.13,0.95,5,149,2,0,0,0,technical,low0.99,0.56,6,128,4,0,0,0,technical,medium0.52,0.51,3,218,2,1,0,0,technical,medium0.58,0.98,3,146,3,0,0,0,technical,medium0.85,0.57,5,190,2,1,0,0,technical,medium0.41,0.59,2,182,3,0,0,0,technical,medium1,0.8,5,162,3,1,0,0,technical,medium0.63,0.64,3,243,3,0,0,0,technical,medium0.63,0.58,4,141,3,1,0,0,technical,medium0.63,0.9,3,142,3,0,0,0,support,medium0.59,0.62,3,203,4,0,0,0,support,medium0.88,0.77,4,168,4,0,0,0,support,medium0.72,0.7,3,149,3,0,0,0,support,medium0.67,0.81,4,168,2,0,0,0,support,high0.41,0.54,2,190,4,0,0,0,support,low0.3,0.68,3,229,6,0,0,0,support,medium0.83,0.84,3,249,2,0,0,0,support,medium0.73,0.93,4,162,2,1,0,0,support,medium0.87,0.9,4,163,2,0,0,0,support,medium0.93,0.74,2,169,4,0,0,0,support,low0.97,0.91,4,257,3,1,0,0,technical,low0.7,0.54,4,150,4,0,0,0,technical,low0.66,0.95,4,183,3,0,0,0,technical,low0.62,0.66,3,208,3,0,0,0,management,low0.56,0.52,4,158,2,0,0,0,IT,low0.32,0.72,2,240,5,0,0,0,IT,low0.55,0.81,5,251,3,0,0,0,IT,low0.69,0.91,5,205,2,0,0,0,IT,low0.91,0.63,4,226,3,1,0,0,IT,low0.33,0.82,5,249,6,0,0,0,product_mng,low0.37,0.74,2,197,3,0,0,0,product_mng,low0.95,0.57,5,216,3,0,0,0,product_mng,low0.17,0.91,4,260,5,0,0,0,product_mng,low0.95,0.53,4,263,3,0,0,0,IT,low0.27,0.69,2,177,5,0,0,0,RandD,low0.91,0.95,4,171,3,0,0,0,RandD,low0.49,0.61,3,148,2,1,0,0,RandD,low0.6,0.56,4,138,3,0,0,0,RandD,low0.52,0.57,4,183,3,0,0,0,RandD,low0.54,0.65,3,202,3,0,0,0,marketing,low0.86,0.53,4,160,2,1,0,0,sales,medium0.78,0.87,4,264,3,0,0,0,accounting,medium0.6,0.81,4,245,3,1,0,0,support,medium0.15,0.91,2,207,3,0,0,0,technical,medium0.72,0.92,3,225,3,0,0,0,management,medium0.94,0.85,4,236,2,0,0,0,marketing,medium0.92,0.56,4,170,3,0,0,0,marketing,medium0.6,0.88,3,261,3,1,0,0,marketing,medium0.41,0.68,4,273,3,0,0,0,sales,medium0.5,0.43,3,184,2,0,0,0,sales,medium0.8,0.91,3,202,2,0,0,0,sales,medium0.67,0.83,4,195,3,0,0,0,sales,medium0.71,0.88,4,266,3,0,0,0,sales,high0.66,0.85,3,266,5,0,0,0,sales,low0.77,0.74,5,263,2,0,0,0,sales,medium0.62,0.54,3,142,2,0,0,0,sales,medium0.95,0.53,4,162,3,0,0,0,sales,medium0.89,0.75,5,258,2,0,0,0,sales,medium0.74,0.83,4,170,2,0,0,0,sales,low0.19,0.8,4,249,5,0,0,0,sales,low0.83,0.77,3,171,3,0,0,0,sales,low0.53,0.64,2,177,4,0,0,0,sales,low0.98,0.75,5,188,2,0,0,0,sales,low0.74,0.99,5,146,2,0,0,0,sales,low0.22,0.88,5,154,5,0,0,0,sales,low0.76,0.68,4,204,3,1,0,0,sales,low0.89,0.91,5,224,3,1,0,0,sales,low0.5,0.84,3,156,4,0,0,0,accounting,low0.17,0.82,6,259,4,0,0,0,accounting,low0.46,0.38,6,165,3,0,0,0,accounting,low0.68,0.78,3,264,3,0,0,0,hr,low0.77,0.86,4,215,2,0,0,0,hr,low0.68,0.83,3,133,3,0,0,0,hr,low0.15,0.7,4,220,4,0,0,0,hr,low0.7,0.98,4,176,5,0,0,0,technical,low0.66,0.96,4,103,2,0,0,0,technical,low0.54,0.52,5,155,3,0,0,0,technical,low0.57,0.57,4,141,3,0,0,0,technical,low0.78,0.58,3,150,3,1,0,0,technical,low0.14,0.83,5,171,6,0,0,0,technical,medium0.73,0.86,4,179,3,0,0,0,technical,medium0.65,0.97,4,145,2,0,0,0,technical,medium0.31,0.59,3,176,3,0,0,0,technical,medium0.77,0.55,2,172,2,0,0,0,technical,medium0.68,0.85,3,243,4,0,0,0,technical,medium0.79,0.69,4,209,2,0,0,0,support,medium0.92,0.62,4,196,3,0,0,0,support,medium0.77,0.96,6,225,4,0,0,0,support,medium0.48,0.89,3,261,2,0,0,0,support,medium0.63,0.66,4,157,2,0,0,0,support,medium0.92,0.49,5,259,3,1,0,0,support,medium0.5,0.85,4,224,6,0,0,0,support,high0.52,0.91,5,193,2,0,0,0,support,low0.73,0.79,4,157,3,0,0,0,support,medium0.99,0.87,4,223,3,0,0,0,support,medium0.91,0.99,3,188,3,1,0,0,support,medium0.85,0.79,3,217,2,0,0,0,technical,medium0.95,0.69,4,207,2,1,0,0,technical,low0.67,0.85,3,153,4,0,0,0,technical,low0.86,0.55,3,269,2,0,0,0,management,low0.71,0.54,4,198,3,0,0,0,IT,low0.99,0.95,4,102,5,0,0,0,IT,low0.57,0.61,3,167,2,1,0,0,IT,low0.98,0.72,3,252,2,0,0,0,IT,low0.62,0.58,3,192,2,0,0,0,IT,low0.74,0.79,5,237,4,0,0,0,product_mng,low0.7,0.6,4,158,3,0,0,0,product_mng,low0.8,0.93,3,260,3,0,0,0,product_mng,low0.65,0.69,4,153,3,0,0,0,product_mng,low0.53,0.52,3,233,4,0,0,0,IT,low0.43,0.62,2,180,3,0,0,0,RandD,low0.59,0.65,4,163,3,1,0,0,RandD,low0.16,0.96,6,211,6,1,0,0,RandD,low0.84,0.8,3,151,3,1,0,0,RandD,low0.78,0.95,3,249,4,0,0,0,RandD,low0.66,0.91,5,199,3,1,0,0,marketing,low0.7,0.74,4,247,2,0,0,0,sales,low0.73,0.63,4,174,3,0,0,0,accounting,low0.65,0.88,4,268,4,0,0,0,support,medium0.79,0.59,5,197,4,0,0,0,technical,medium0.57,0.68,4,154,3,1,0,0,management,medium0.24,0.58,5,279,4,0,0,0,marketing,medium0.95,0.78,3,204,2,1,0,0,marketing,medium0.38,0.54,2,112,3,0,0,0,marketing,medium0.9,0.78,4,261,2,1,0,0,sales,medium0.5,0.4,3,180,4,0,0,0,sales,medium0.68,0.61,3,261,5,0,0,0,sales,medium0.5,0.78,6,138,3,0,0,0,sales,medium0.85,0.81,4,164,4,0,0,0,sales,medium0.95,0.52,3,144,3,0,0,0,sales,medium0.92,0.92,3,244,2,0,0,0,sales,high0.83,0.87,5,233,3,0,0,0,sales,low0.9,0.78,4,225,2,1,0,0,sales,medium0.21,0.77,6,215,4,0,0,0,sales,medium0.94,0.86,3,223,4,0,0,0,sales,medium0.7,0.85,4,232,3,0,0,0,sales,medium0.54,0.76,3,157,4,0,0,0,sales,low0.77,0.65,4,268,3,0,0,0,sales,low0.62,0.49,3,158,2,0,0,0,sales,low0.93,0.55,5,222,2,0,0,0,sales,low0.81,0.86,3,210,3,0,0,0,sales,low0.99,0.79,4,133,2,0,0,0,sales,low0.78,0.49,3,224,3,0,0,0,sales,low0.66,0.63,5,264,5,0,0,0,accounting,low0.9,0.72,5,237,2,0,0,0,accounting,low0.74,0.53,5,141,2,0,0,0,accounting,low0.65,0.78,4,238,5,1,0,0,hr,low0.99,0.52,4,167,3,0,0,0,hr,low0.83,0.72,4,161,3,0,0,0,hr,low0.6,0.82,4,194,3,0,0,0,hr,low0.55,0.93,3,217,3,1,0,0,technical,low0.96,0.71,3,170,3,0,0,0,technical,low0.83,0.94,4,243,3,0,0,0,technical,low0.95,0.7,4,267,3,1,0,0,technical,low0.77,0.88,2,169,3,0,0,0,technical,medium0.83,0.95,3,255,3,0,0,0,technical,medium0.87,0.54,4,211,3,0,0,0,technical,medium0.69,0.49,3,198,4,0,0,0,technical,medium0.67,0.58,3,246,3,0,0,0,technical,medium0.55,0.49,3,146,2,0,0,0,technical,medium0.55,0.82,4,134,6,0,0,0,technical,medium0.39,0.48,3,169,3,0,0,0,support,medium0.51,0.93,5,232,3,0,0,0,support,medium0.39,0.38,2,106,3,1,0,0,support,medium0.96,0.93,4,260,3,0,0,0,support,medium0.68,0.81,3,232,2,0,0,0,support,medium0.67,0.71,4,173,3,0,0,0,support,high0.68,0.44,5,152,5,0,0,0,support,low0.56,0.58,3,173,3,0,0,0,support,medium0.9,0.7,3,274,3,0,0,0,support,medium0.69,0.59,3,233,3,0,0,0,support,medium0.99,0.71,4,232,3,0,0,0,support,medium0.42,0.59,3,156,2,0,0,0,technical,low0.28,0.51,3,124,3,0,0,0,technical,low0.55,0.65,3,207,3,0,0,0,technical,low0.91,0.53,3,273,6,0,0,0,management,low0.53,0.98,3,219,4,0,0,0,IT,low0.87,0.74,4,207,3,0,0,0,IT,low0.57,0.6,4,248,4,0,0,0,IT,low0.59,0.77,3,169,3,0,0,0,IT,low0.76,0.89,4,181,3,0,0,0,IT,low0.59,0.42,3,196,3,0,0,0,product_mng,low0.5,0.54,3,254,2,0,0,0,product_mng,low0.55,0.55,4,191,4,0,0,0,product_mng,low0.92,0.53,3,238,2,0,0,0,product_mng,low0.8,0.51,5,196,3,0,0,0,IT,low0.93,0.66,4,228,3,0,0,0,RandD,low0.67,0.57,4,165,3,0,0,0,RandD,low0.78,0.55,3,144,2,0,0,0,RandD,low0.61,0.7,4,243,3,0,0,0,RandD,low0.74,0.84,3,206,3,0,0,0,RandD,low0.5,0.49,3,180,3,1,0,0,marketing,low0.84,0.96,3,161,2,1,0,0,sales,low0.89,0.55,4,196,2,0,0,0,accounting,medium0.77,0.89,5,152,3,0,0,0,support,medium0.64,0.71,3,231,4,0,0,0,technical,medium0.77,0.89,2,215,5,1,0,0,management,medium0.74,0.58,4,233,4,0,0,0,marketing,medium0.88,0.96,4,155,2,0,0,0,marketing,medium0.88,0.96,5,182,4,1,0,0,marketing,medium0.89,0.88,3,165,4,0,0,0,sales,medium0.74,0.59,2,257,4,1,0,0,sales,medium0.63,0.74,4,155,2,0,0,0,sales,medium0.63,0.8,4,243,2,0,0,0,sales,medium0.68,0.92,2,184,4,0,0,0,sales,medium0.14,0.81,4,138,3,1,0,0,sales,high0.86,0.94,5,209,4,0,0,0,sales,low0.73,0.53,3,205,2,0,0,0,sales,medium0.57,0.56,3,191,3,0,0,0,sales,medium0.97,0.75,5,270,3,1,0,0,sales,medium0.67,0.36,4,97,4,0,0,0,sales,medium0.89,0.74,4,174,2,0,0,0,sales,low0.8,0.96,5,124,3,0,0,0,sales,low0.3,0.51,2,178,3,0,0,0,sales,low0.14,0.73,5,266,6,0,0,0,sales,low0.91,0.8,4,181,3,0,0,0,sales,low0.49,0.81,4,233,3,0,0,0,sales,low0.57,0.68,3,254,4,0,0,0,sales,low0.59,0.62,3,219,3,0,0,0,sales,low0.5,0.7,5,166,2,0,0,0,accounting,low0.69,0.97,3,158,2,0,0,0,accounting,low0.81,0.68,3,151,3,0,0,0,accounting,low0.79,0.82,3,98,3,1,0,0,hr,low0.55,0.91,4,187,4,1,0,0,hr,low0.92,0.62,4,266,2,0,0,0,hr,low0.94,0.59,5,250,3,0,0,0,hr,low0.67,0.55,5,193,3,0,0,0,technical,low0.53,0.92,4,223,3,1,0,0,technical,low0.77,0.59,5,189,5,0,0,0,technical,low0.57,0.82,5,138,3,0,0,0,technical,low0.64,0.97,4,268,2,0,0,0,technical,low0.35,1,6,186,2,0,0,0,technical,low0.66,0.71,3,136,3,1,0,0,technical,medium0.59,0.84,4,245,3,0,0,0,technical,medium0.49,0.93,4,184,3,0,0,0,technical,medium0.91,0.99,5,152,3,0,0,0,technical,medium0.12,0.6,2,194,4,0,0,0,technical,medium0.74,0.68,3,242,5,1,0,0,support,medium0.84,0.94,4,246,2,1,0,0,support,medium0.51,0.99,4,211,3,0,0,0,support,medium0.94,0.71,4,189,3,0,0,0,support,medium0.74,0.66,3,254,2,0,0,0,support,medium0.52,0.54,5,239,3,0,0,0,support,medium0.31,0.92,4,133,6,0,0,0,support,medium0.72,0.59,3,255,2,0,0,0,support,high0.92,1,3,212,2,0,0,0,support,low0.56,0.64,3,270,3,0,0,0,support,medium0.76,0.45,5,177,6,0,0,0,support,medium0.59,0.9,4,261,4,0,0,0,technical,medium0.5,0.74,3,220,3,0,0,0,technical,medium0.88,0.72,2,144,4,1,0,0,technical,low0.86,0.49,4,274,2,0,0,0,management,low0.66,0.99,4,195,3,0,0,0,IT,low0.7,0.69,4,158,3,0,0,0,IT,low0.98,0.93,5,145,4,0,0,0,IT,low0.61,0.73,3,165,3,1,0,0,IT,low0.57,0.66,4,270,2,0,0,0,IT,low0.84,0.91,5,208,3,0,0,0,product_mng,low0.76,0.4,2,245,5,0,0,0,product_mng,medium0.64,0.99,4,180,4,0,0,0,product_mng,medium0.87,0.7,5,225,3,0,0,0,product_mng,medium0.62,0.69,3,261,2,0,0,0,IT,medium0.16,0.99,3,213,6,1,0,1,RandD,medium0.83,0.87,3,230,3,0,0,1,RandD,medium0.36,0.59,2,198,2,0,0,1,RandD,medium0.47,0.51,6,190,5,0,0,1,RandD,medium0.54,0.51,4,137,4,0,0,1,RandD,medium0.83,0.83,3,186,3,1,0,1,marketing,medium0.96,0.68,4,137,2,0,0,1,sales,medium0.91,0.74,5,192,3,0,0,1,accounting,medium0.56,0.59,4,164,3,0,0,1,support,medium0.73,0.66,6,195,3,0,0,1,technical,medium0.97,0.63,4,151,3,0,0,1,management,medium0.75,0.74,5,231,3,0,0,1,marketing,medium0.49,0.76,3,257,2,1,0,0,marketing,medium0.57,0.94,4,257,3,0,0,0,marketing,medium0.41,0.58,5,274,2,1,0,0,sales,medium0.53,0.7,3,138,2,0,0,0,sales,medium0.93,0.6,4,184,3,0,0,0,sales,medium0.58,0.9,3,151,3,0,0,0,sales,medium0.6,0.54,3,265,3,1,0,0,sales,medium0.74,0.8,4,241,2,0,0,0,sales,medium0.62,0.52,3,148,3,0,0,0,sales,medium0.7,0.76,5,165,3,0,0,0,sales,medium0.93,0.75,3,243,2,0,0,0,sales,medium0.75,0.9,4,197,2,0,0,0,sales,medium0.95,0.48,5,214,6,1,0,1,sales,medium0.43,0.98,4,164,3,0,0,1,sales,medium0.77,0.58,4,243,4,1,0,1,sales,medium0.67,1,4,145,3,1,0,1,sales,medium0.51,0.72,4,163,4,0,0,1,sales,medium0.94,0.53,5,257,2,0,0,1,sales,medium0.9,0.85,3,253,3,0,0,0,sales,medium0.8,0.78,4,234,3,0,0,0,sales,medium0.34,0.89,5,266,6,0,0,0,sales,medium0.45,0.53,3,181,4,1,0,0,accounting,low0.97,0.66,4,193,4,0,0,0,accounting,low0.5,0.48,3,163,4,0,0,0,accounting,low0.89,0.62,5,144,2,0,0,0,hr,low0.76,0.5,4,245,3,0,0,0,hr,low0.66,0.84,4,197,2,0,0,0,hr,low0.74,0.63,3,180,2,0,0,0,hr,low0.69,0.74,4,237,3,0,0,0,technical,low0.59,0.57,2,170,3,0,0,0,technical,low1,0.85,3,150,3,0,0,0,technical,low0.61,0.75,2,100,4,0,0,0,technical,low0.98,0.42,5,226,3,0,0,0,technical,low0.59,0.71,5,222,3,0,0,0,technical,low0.22,0.69,4,182,6,0,0,0,technical,low0.71,0.95,3,150,2,0,0,0,technical,low0.86,0.53,4,244,3,0,0,0,technical,medium0.65,0.59,5,271,3,0,0,0,technical,medium0.93,0.67,5,167,3,0,0,0,technical,medium0.49,0.69,2,128,2,0,0,0,support,medium0.78,0.77,3,149,4,1,0,0,support,medium0.62,0.7,4,141,4,0,0,0,support,medium0.72,0.63,3,149,2,0,0,0,support,medium0.7,0.56,4,107,6,0,0,0,support,medium0.54,0.93,5,189,2,0,0,0,support,medium0.61,0.95,4,169,4,0,0,0,support,medium0.84,0.95,4,208,3,1,0,0,support,medium0.8,0.58,3,197,3,0,0,0,support,medium0.58,0.5,4,225,3,0,0,0,support,high0.97,0.87,2,175,6,0,0,0,support,high0.92,0.55,3,172,2,0,0,0,technical,high0.96,0.51,3,237,4,0,0,0,technical,high0.73,0.87,4,155,3,1,0,0,technical,high0.73,0.71,4,148,3,0,0,0,management,high0.53,0.83,4,246,3,0,0,0,IT,high0.17,0.82,5,193,5,0,0,0,IT,high0.75,0.76,5,175,4,0,0,0,IT,low0.76,0.44,3,121,4,0,0,0,IT,low0.76,0.77,4,223,3,0,0,0,IT,low0.92,0.55,3,259,3,0,0,0,product_mng,low0.82,0.88,4,171,2,0,0,0,product_mng,low0.38,0.5,2,170,3,0,0,0,product_mng,low0.49,0.72,4,246,3,0,0,0,product_mng,low0.53,0.8,3,175,3,0,0,0,IT,low0.56,0.59,3,185,2,0,0,0,RandD,medium0.69,0.98,3,168,2,0,0,0,RandD,medium0.62,0.99,4,171,3,0,0,0,RandD,medium0.71,0.76,3,201,2,0,0,0,RandD,medium0.52,1,4,148,3,0,0,0,RandD,medium0.2,0.53,6,189,4,0,0,0,marketing,medium0.93,0.61,3,166,3,0,0,0,sales,medium0.74,0.81,4,150,2,0,0,0,accounting,medium0.78,0.45,3,253,6,0,0,1,support,medium0.85,0.79,3,243,2,0,0,1,technical,medium0.79,0.56,5,250,2,1,0,1,management,medium0.92,0.91,3,228,2,0,0,1,marketing,medium0.58,0.97,3,186,3,0,0,1,marketing,medium0.68,0.72,3,213,3,0,0,1,marketing,medium0.9,0.67,4,233,3,0,0,1,sales,medium0.67,0.71,5,265,2,0,0,1,sales,medium0.79,0.73,4,226,3,0,0,0,sales,medium0.23,0.48,5,221,6,0,0,0,sales,medium0.98,0.99,3,253,4,0,0,0,sales,medium0.8,0.75,3,134,4,0,0,0,sales,medium0.77,0.84,3,188,4,0,0,0,sales,medium1,0.91,3,160,4,0,0,0,sales,medium0.6,0.92,4,164,4,0,0,0,sales,medium0.49,0.54,6,214,3,0,0,0,sales,high0.91,0.99,5,228,4,1,0,0,sales,low0.97,0.52,5,149,3,1,0,0,sales,medium0.71,0.76,3,175,2,0,0,0,sales,medium0.62,0.91,3,195,3,0,0,0,sales,medium0.61,0.92,3,222,4,0,0,0,sales,medium0.21,0.6,5,249,4,0,0,0,sales,medium0.64,0.97,2,226,3,1,0,0,sales,medium0.61,0.65,2,117,2,1,0,0,sales,medium0.58,0.75,4,255,3,0,0,0,sales,medium0.41,0.9,6,155,2,0,0,0,accounting,medium0.98,0.73,5,185,3,0,0,0,accounting,medium0.5,0.88,4,275,5,0,0,0,accounting,low0.98,0.61,3,226,2,0,0,0,hr,low0.4,0.85,4,198,2,0,0,0,hr,low0.63,0.92,2,198,2,0,0,0,hr,low0.75,0.53,4,251,3,0,0,0,hr,low0.82,0.84,3,237,2,0,0,0,technical,low0.55,0.62,5,197,2,0,0,0,technical,low0.44,0.36,2,136,3,0,0,0,technical,high0.92,0.88,3,184,3,1,0,0,technical,low0.57,0.56,2,159,3,0,0,0,technical,high0.73,0.86,4,133,3,0,0,0,technical,high0.82,0.92,5,198,3,0,0,0,technical,low0.54,0.75,3,260,2,0,0,0,technical,low0.64,0.95,3,154,4,0,0,0,technical,high0.99,0.76,4,185,5,0,0,0,technical,low0.19,0.92,5,193,6,0,0,0,technical,medium0.86,0.96,4,167,3,0,0,0,support,high0.65,0.66,5,165,3,0,0,0,support,medium0.52,0.81,3,253,2,0,0,0,support,medium0.85,0.49,4,142,3,0,0,0,support,medium0.61,0.64,5,186,4,0,0,0,support,medium0.77,0.57,4,203,3,1,0,0,support,high0.54,0.94,4,217,2,0,0,0,support,medium0.76,0.74,4,187,3,0,0,0,support,medium0.79,0.9,3,152,4,0,0,0,support,medium0.89,0.93,5,150,2,0,0,0,support,high0.6,0.8,3,191,2,0,0,0,support,medium0.51,0.58,4,140,3,0,0,0,technical,high0.2,0.72,5,123,2,1,0,0,technical,low0.93,0.6,5,170,2,0,0,0,technical,medium0.77,0.54,3,227,4,0,0,0,management,medium0.8,0.87,4,220,2,0,0,0,IT,medium0.8,0.97,5,258,3,0,0,0,IT,medium0.62,0.92,5,149,3,0,0,0,IT,low0.79,0.72,4,192,3,0,0,0,IT,low0.88,0.73,5,267,3,0,0,0,IT,low0.96,0.73,5,169,3,1,0,0,product_mng,low0.34,0.69,2,178,3,0,0,0,product_mng,low0.34,0.65,2,165,4,0,0,0,product_mng,low0.88,0.85,4,231,3,0,0,0,product_mng,low0.66,0.61,3,260,3,0,0,0,IT,low0.55,0.71,4,181,2,1,0,0,RandD,low0.59,0.51,3,243,2,0,0,0,RandD,low0.62,0.73,4,191,3,0,0,0,RandD,high0.78,0.93,3,200,3,0,0,0,RandD,low0.73,0.75,5,265,3,0,0,0,RandD,low0.71,0.94,4,246,3,0,0,0,marketing,low0.97,0.86,3,187,2,0,0,0,sales,low0.21,0.74,5,141,4,0,0,0,accounting,high0.52,0.96,4,246,3,0,0,0,support,low0.73,0.88,4,236,3,1,0,0,technical,low0.74,0.83,3,170,3,0,0,0,management,low0.26,0.71,6,189,2,0,0,0,marketing,high0.52,0.78,4,237,3,0,0,0,marketing,low0.69,0.54,4,180,3,0,0,0,marketing,medium0.79,0.59,2,157,6,0,0,0,sales,high0.93,0.62,4,258,3,0,0,0,sales,medium0.34,0.87,4,283,2,0,0,0,sales,high0.77,0.52,4,216,3,0,0,0,sales,medium0.36,0.73,3,187,3,0,0,0,sales,medium0.93,0.58,3,215,3,0,0,0,sales,medium0.7,0.58,3,211,3,0,0,0,sales,medium0.51,0.49,4,182,2,0,0,0,sales,medium0.83,0.78,3,165,3,1,0,0,sales,medium0.89,0.89,4,265,2,0,0,0,sales,medium0.94,0.59,3,137,2,0,0,0,sales,medium0.8,0.55,4,269,3,0,0,0,sales,high0.74,0.66,3,177,2,0,0,0,sales,low0.5,0.91,3,240,2,0,0,0,sales,medium0.54,0.84,4,174,2,0,0,0,sales,medium0.5,0.54,3,134,3,0,0,0,sales,medium0.17,0.91,2,271,4,0,0,0,sales,medium0.57,0.53,5,216,2,1,0,0,sales,medium0.8,0.51,4,213,3,0,0,0,sales,medium0.45,0.64,5,133,4,0,0,0,accounting,medium0.87,0.5,4,267,2,1,0,0,accounting,medium0.98,0.64,3,263,4,0,0,0,accounting,medium0.55,0.8,4,260,3,0,0,0,hr,high0.53,0.5,4,185,3,0,0,0,hr,low0.75,0.48,2,284,6,0,0,0,hr,low0.96,0.59,3,229,3,0,0,0,hr,low0.71,0.97,3,189,3,1,0,0,technical,high0.7,0.63,3,209,3,0,0,0,technical,low0.33,0.94,4,166,6,0,0,0,technical,low0.93,0.94,3,183,2,0,0,0,technical,low0.64,0.65,3,181,2,0,0,0,technical,high0.27,0.45,3,239,4,0,0,0,technical,low0.99,0.99,3,158,2,0,0,0,technical,low0.81,0.62,3,187,3,0,0,0,technical,low0.6,0.91,4,236,3,0,0,0,technical,low0.32,0.4,6,162,5,0,0,0,technical,low0.48,0.68,4,163,2,1,0,0,technical,low0.87,0.51,4,173,3,0,0,0,support,low0.91,0.79,5,273,4,1,0,0,support,medium0.24,0.89,5,142,4,0,0,0,support,medium0.66,0.56,4,141,4,0,0,0,support,medium0.94,0.59,3,234,2,0,0,0,support,medium0.93,0.97,5,255,4,0,0,0,support,medium0.19,0.55,5,148,4,0,0,0,support,medium0.88,0.45,5,274,2,1,0,0,support,medium0.76,0.47,3,223,2,0,0,0,support,medium0.67,0.64,5,248,3,0,0,0,support,medium0.54,0.5,4,146,2,0,0,0,support,medium0.53,0.95,2,101,5,0,0,0,technical,medium0.67,0.92,4,265,4,0,0,0,technical,medium0.5,0.38,5,175,4,0,0,0,technical,high0.49,0.76,4,202,3,0,0,0,management,low0.82,0.71,3,160,3,0,0,0,IT,medium0.86,0.71,3,235,3,0,0,0,IT,medium0.5,0.5,4,267,3,0,0,0,IT,medium0.82,0.6,3,261,2,1,0,0,IT,medium0.95,0.78,2,148,2,0,0,0,IT,low0.64,0.87,3,239,4,0,0,0,product_mng,low0.91,0.5,3,178,2,0,0,0,product_mng,low0.79,0.75,2,221,3,0,0,0,product_mng,low0.83,0.56,4,269,3,0,0,0,product_mng,low0.66,0.6,3,262,2,1,0,0,IT,low0.92,0.8,4,263,4,0,0,0,RandD,low0.59,0.47,5,191,3,0,0,0,RandD,low0.6,0.83,2,189,2,0,0,0,RandD,low0.68,0.97,5,207,4,1,0,0,RandD,low0.58,0.73,3,265,6,0,0,0,RandD,low0.93,0.77,5,224,2,0,0,0,marketing,low0.66,0.5,3,229,3,0,0,0,marketing,low0.8,0.99,3,158,3,0,0,0,sales,low0.28,0.79,5,202,5,0,0,0,accounting,low0.84,0.59,4,216,2,0,0,0,support,low0.86,0.58,4,220,5,0,0,0,technical,low0.46,0.45,2,172,2,1,0,0,management,low0.94,0.92,3,187,2,0,0,0,marketing,low0.8,0.76,3,270,2,1,0,0,marketing,low0.13,0.63,6,219,6,0,0,0,marketing,low0.95,0.73,3,243,3,1,0,0,sales,medium0.93,0.88,4,261,4,0,0,0,sales,medium0.86,0.81,4,179,3,0,0,0,sales,medium0.67,0.93,5,133,2,0,0,0,sales,medium0.73,0.6,4,224,3,0,0,0,sales,medium0.62,0.92,4,198,2,0,0,0,sales,medium0.53,0.81,5,135,2,0,0,0,sales,medium0.68,0.68,3,143,3,0,0,0,sales,medium0.69,0.55,4,234,2,0,0,0,sales,medium0.66,0.92,3,177,3,0,0,0,sales,medium0.98,0.56,5,180,3,0,0,0,sales,medium0.57,0.39,3,193,6,0,0,0,sales,medium0.64,0.78,5,148,4,0,0,0,sales,high0.71,0.58,3,194,4,0,0,0,sales,low0.94,0.7,3,271,4,0,0,0,sales,medium0.8,0.85,3,135,2,0,0,0,sales,medium0.59,0.94,4,136,2,0,0,0,sales,medium0.95,0.7,6,243,3,0,0,0,sales,medium1,0.39,2,210,5,0,0,0,sales,low0.53,0.59,3,163,4,0,0,0,accounting,low0.35,0.59,5,268,3,0,0,0,accounting,low0.73,0.66,3,244,3,0,0,0,accounting,low0.89,0.63,4,164,3,0,0,0,hr,low0.21,0.93,4,260,3,0,0,0,hr,low0.21,0.85,5,153,3,0,0,0,hr,low0.6,0.83,4,216,2,1,0,0,hr,low0.94,0.69,2,198,3,0,0,0,technical,low0.92,0.68,4,196,3,1,0,0,technical,low0.92,0.78,3,218,3,0,0,0,technical,low0.71,0.98,5,167,3,0,0,0,technical,low0.69,0.83,4,264,3,0,0,0,technical,low0.26,0.51,2,284,2,0,0,0,technical,low0.21,0.78,4,218,6,0,0,0,technical,low0.36,0.42,2,192,2,0,0,0,technical,low0.81,0.92,5,255,4,1,0,0,technical,low0.54,0.88,3,251,2,0,0,0,technical,low0.63,0.87,5,248,2,0,0,0,technical,low0.86,0.75,5,157,4,0,0,0,support,low0.8,0.79,5,240,2,0,0,0,support,low0.55,0.58,5,262,3,0,0,0,support,medium0.18,0.6,3,130,2,1,0,0,support,medium0.88,0.98,3,152,3,0,0,0,support,medium0.65,0.86,4,256,2,0,0,0,support,medium0.99,1,3,139,2,0,0,0,support,medium0.88,0.93,4,195,2,0,0,0,support,medium0.67,0.59,3,205,5,0,0,0,support,medium0.53,0.59,4,265,2,0,0,0,support,medium0.83,0.61,5,246,3,0,0,0,support,medium0.36,0.71,3,100,3,0,0,0,technical,medium0.62,0.64,5,150,3,1,0,0,technical,medium0.72,0.67,4,147,2,0,0,0,technical,medium0.79,0.54,4,244,3,0,0,0,management,high1,0.87,4,256,3,0,0,0,IT,low0.65,0.52,4,266,3,1,0,0,IT,medium0.84,0.91,3,199,4,0,0,0,IT,medium0.81,0.59,2,236,3,0,0,0,IT,medium0.59,0.51,3,203,2,1,0,0,IT,medium0.78,0.53,3,156,3,0,0,0,product_mng,low0.22,0.52,5,109,4,0,0,0,product_mng,low0.96,0.98,5,248,3,0,0,0,product_mng,low0.85,0.8,4,254,2,0,0,0,product_mng,low0.12,0.73,6,166,3,0,0,0,IT,low0.6,0.68,4,264,2,1,0,0,RandD,low0.93,0.84,5,266,3,0,0,0,RandD,low0.73,0.86,4,138,2,0,0,0,RandD,low0.7,0.66,3,151,2,0,0,0,RandD,low0.18,0.59,4,132,3,0,0,0,RandD,low0.81,0.6,4,133,3,0,0,0,RandD,low0.28,0.9,4,275,6,0,0,0,marketing,low0.74,0.79,3,275,3,0,0,0,sales,low0.5,0.74,4,272,5,0,0,0,accounting,low0.83,0.85,4,201,2,1,0,0,support,low0.55,0.66,3,164,2,0,0,0,technical,low0.77,0.94,4,224,2,0,0,0,management,low0.92,0.58,4,201,2,0,0,0,marketing,low0.59,0.89,5,169,2,1,0,0,marketing,low0.45,0.72,4,149,3,0,0,0,marketing,low0.76,0.97,3,271,3,0,0,0,sales,low0.89,0.69,4,137,3,0,0,0,sales,medium0.73,0.5,3,208,2,0,0,0,sales,medium0.65,0.7,3,231,3,0,0,0,sales,medium0.14,0.96,3,196,5,1,0,0,sales,medium0.3,0.47,2,159,4,0,0,0,sales,medium0.53,0.82,5,184,3,0,0,0,sales,medium0.66,0.89,3,257,3,0,0,0,sales,medium0.84,0.59,3,234,2,0,0,0,sales,medium0.74,0.97,3,239,4,1,0,0,sales,medium0.56,0.4,2,255,3,0,0,0,sales,medium0.42,0.47,4,146,3,1,0,0,sales,medium0.29,0.8,5,103,6,0,0,0,sales,medium0.54,0.72,5,206,4,0,0,0,sales,high0.8,0.52,3,253,2,1,0,0,sales,low0.89,0.93,4,245,4,0,0,0,sales,medium0.92,0.58,3,261,3,1,0,0,sales,medium0.87,0.68,4,217,3,0,0,0,sales,medium0.76,0.82,4,172,3,1,0,0,sales,medium0.64,0.61,3,221,3,0,0,0,accounting,low0.83,0.57,2,246,5,1,0,0,accounting,low0.55,0.6,3,145,4,0,0,0,accounting,low0.83,0.7,5,168,3,0,0,0,hr,low0.58,0.62,5,184,3,0,0,0,hr,low0.67,0.97,4,186,3,0,0,0,hr,low0.65,0.57,3,238,3,0,0,0,hr,low0.89,0.95,5,203,3,0,0,0,technical,low0.84,0.5,5,195,3,0,0,0,technical,low0.5,0.7,5,264,2,0,0,0,technical,low0.7,0.51,3,256,3,0,0,0,technical,low0.79,0.83,5,268,3,0,0,0,technical,low0.19,0.72,6,243,6,1,0,0,technical,low0.89,0.5,4,136,2,1,0,0,technical,low0.36,0.6,2,136,6,0,0,0,technical,low0.62,0.66,5,165,3,0,0,0,technical,low0.84,0.93,6,166,4,0,0,0,technical,low0.65,0.87,4,267,2,0,0,0,technical,low0.65,0.7,4,233,3,0,0,0,support,medium0.87,0.92,3,141,2,0,0,0,support,medium0.66,0.73,5,249,2,0,0,0,support,medium0.83,0.9,3,102,4,0,0,0,support,medium0.89,0.63,3,268,3,0,0,0,support,medium0.91,0.97,4,139,3,0,0,0,support,medium0.91,0.56,3,168,2,0,0,0,support,medium0.83,0.5,4,259,2,0,0,0,support,medium0.87,0.82,4,248,2,0,0,0,support,medium0.62,0.79,3,274,3,0,0,0,support,medium0.54,1,3,169,2,0,0,0,support,medium0.84,0.53,5,190,3,0,0,0,technical,medium0.33,0.82,2,114,5,0,0,0,technical,high0.79,0.58,4,191,6,0,0,0,technical,low0.31,0.41,2,263,3,0,0,0,management,medium0.68,0.81,3,166,2,0,0,0,IT,medium0.52,0.7,4,247,5,0,0,0,IT,medium0.54,0.64,3,203,4,0,0,0,IT,medium0.73,0.78,4,181,4,0,0,0,IT,low0.49,0.74,3,229,3,1,0,0,IT,low0.37,0.67,2,159,2,0,0,0,product_mng,low0.53,0.84,3,151,3,0,0,0,product_mng,low0.58,0.75,4,222,3,1,0,0,product_mng,low0.2,0.51,2,163,2,0,0,0,product_mng,low0.91,0.6,4,163,5,0,0,0,IT,low0.53,0.78,2,138,2,0,0,0,RandD,low0.99,0.72,4,136,3,0,0,0,RandD,low0.97,0.87,3,207,4,0,0,0,RandD,low0.18,0.93,3,245,4,1,0,0,RandD,low0.83,0.93,6,130,5,0,0,0,RandD,low0.49,0.47,4,285,3,0,0,0,RandD,low0.74,0.93,3,204,4,0,0,0,marketing,low0.7,0.6,3,183,3,0,0,0,sales,low0.97,0.91,3,246,2,0,0,0,accounting,low0.92,0.91,3,250,4,0,0,0,support,low0.94,0.7,3,176,3,0,0,0,technical,low1,0.98,3,177,2,0,0,0,management,low0.5,0.51,3,169,4,0,0,0,marketing,low0.77,0.89,3,142,3,0,0,0,marketing,low0.68,0.71,5,135,4,1,0,0,marketing,medium0.57,0.43,3,167,3,0,0,0,sales,medium0.57,0.61,5,191,4,0,0,0,sales,medium0.48,0.97,3,224,6,0,0,0,sales,medium0.7,0.95,5,234,6,1,0,0,sales,medium0.68,0.43,3,161,2,1,0,0,sales,medium0.62,0.68,3,124,3,0,0,0,sales,medium0.61,0.51,4,242,3,0,0,0,sales,medium0.83,0.77,2,186,2,0,0,0,sales,medium0.99,0.8,5,254,5,0,0,0,sales,medium0.58,0.72,4,170,2,0,0,0,sales,medium0.93,0.83,4,225,2,0,0,0,sales,medium0.66,0.5,4,263,3,0,0,0,sales,high0.52,0.98,4,148,3,0,0,0,sales,low0.5,0.6,5,216,3,0,0,0,sales,medium0.16,0.7,5,257,4,0,0,0,sales,medium0.62,0.74,4,173,2,0,0,0,sales,medium0.49,0.49,6,188,3,0,0,0,sales,medium0.56,0.91,4,188,2,1,0,0,sales,low0.96,0.59,4,108,6,0,0,0,sales,low0.5,0.75,5,179,3,0,0,0,accounting,low0.99,0.99,4,195,2,0,0,0,accounting,low0.54,0.51,3,265,3,0,0,0,accounting,low0.52,0.9,4,285,2,0,0,0,hr,low0.81,0.99,5,202,4,0,0,0,hr,low0.5,0.73,4,271,2,0,0,0,hr,low0.51,0.88,3,202,4,0,0,0,hr,low0.41,0.47,6,171,2,0,0,0,technical,low0.62,0.72,2,180,2,1,0,0,technical,low0.56,0.68,3,269,3,1,0,0,technical,low0.96,0.75,3,231,3,0,0,0,technical,low0.58,0.64,2,249,2,0,0,0,technical,low0.66,0.75,3,228,2,0,0,0,technical,low0.56,0.75,2,264,2,0,0,0,technical,low0.56,0.93,4,210,3,1,0,0,technical,low0.67,0.91,3,256,3,0,0,0,technical,low0.72,0.71,5,137,3,0,0,0,technical,low0.59,0.79,4,272,3,0,0,0,technical,low0.95,0.55,5,185,2,0,0,0,support,low1,0.93,3,264,4,0,0,0,support,medium0.56,0.64,3,238,3,0,0,0,support,medium0.52,0.49,4,98,3,0,0,0,support,medium0.88,0.9,4,248,2,0,0,0,support,medium0.58,0.84,4,271,2,0,0,0,support,medium0.86,0.92,3,180,2,0,0,0,support,medium0.19,0.64,5,181,4,1,0,0,support,medium0.6,0.6,4,182,3,0,0,0,support,medium0.82,0.87,3,204,4,0,0,0,support,medium0.64,0.75,4,170,3,0,0,0,support,medium0.83,0.67,4,139,3,0,0,0,technical,medium0.57,0.75,3,159,2,0,0,0,technical,medium0.98,0.92,3,254,3,0,0,0,technical,high0.54,0.69,4,168,2,0,0,0,management,low0.72,0.66,3,256,2,0,0,0,IT,medium0.89,0.87,4,209,2,0,0,0,IT,medium0.41,0.57,3,193,3,1,0,0,IT,medium0.93,0.62,4,142,2,0,0,0,IT,medium0.9,0.9,3,274,3,0,0,0,IT,low0.38,0.59,4,276,2,0,0,0,product_mng,low0.52,0.88,4,155,3,1,0,0,product_mng,low0.99,0.72,3,220,2,1,0,0,product_mng,low0.69,0.74,2,271,2,0,0,0,product_mng,low0.76,0.76,5,175,3,0,0,0,IT,low0.42,0.46,3,128,2,1,0,0,RandD,low0.78,0.9,4,104,4,0,0,0,RandD,low0.37,0.46,3,173,6,0,0,0,RandD,medium0.89,0.39,6,190,3,1,0,0,RandD,medium0.93,0.49,5,167,3,0,0,0,RandD,medium0.98,0.56,3,187,3,0,0,0,RandD,medium0.65,0.56,3,259,3,0,0,0,marketing,medium0.3,0.61,3,138,5,0,0,0,sales,medium0.97,1,5,251,2,0,0,0,accounting,medium0.84,0.49,5,189,2,0,0,0,support,medium0.76,0.76,4,149,3,0,0,0,technical,medium0.5,0.74,4,246,3,0,0,0,management,medium0.48,0.61,3,146,3,0,0,0,marketing,medium0.56,0.63,4,204,4,0,0,0,marketing,medium0.99,0.77,4,184,3,0,0,0,marketing,medium0.65,0.94,4,174,3,0,0,0,sales,medium0.92,0.81,3,196,2,0,0,0,sales,medium0.88,0.76,3,223,3,0,0,0,sales,medium0.99,0.86,3,198,3,0,0,0,sales,medium0.96,0.93,5,141,2,1,0,0,sales,medium0.55,0.85,4,273,2,0,0,0,sales,medium0.71,0.94,4,209,3,0,0,0,sales,medium0.72,0.68,3,135,4,0,0,0,sales,medium0.23,0.5,5,100,3,0,0,0,sales,medium0.78,0.61,3,193,3,0,0,0,sales,medium0.82,0.61,3,229,2,0,0,0,sales,medium0.49,0.74,4,104,4,0,0,0,sales,medium0.96,0.82,4,201,2,0,0,0,sales,high0.5,0.78,3,206,3,1,0,1,sales,high0.98,0.57,5,141,3,0,0,1,sales,high0.85,0.57,4,150,3,0,0,1,sales,high0.72,0.75,3,166,3,0,0,1,sales,high0.78,0.83,4,252,2,0,0,1,sales,high0.62,0.43,2,106,2,0,0,1,sales,high0.64,0.38,5,171,6,1,0,1,accounting,high0.24,0.5,4,232,3,0,0,1,accounting,high0.84,0.78,5,172,2,0,0,1,accounting,high0.61,0.61,4,239,2,0,0,1,hr,high0.79,0.71,4,222,3,0,0,1,hr,high0.86,0.77,3,152,3,0,0,1,hr,low0.7,0.54,3,198,3,1,0,1,hr,low0.53,0.76,5,143,4,0,0,1,technical,low0.58,0.88,3,157,4,0,0,1,technical,low0.45,0.55,5,268,2,0,0,0,technical,low0.86,0.87,4,183,3,0,0,0,technical,low0.95,0.81,4,238,2,0,0,0,technical,low0.51,0.84,4,214,2,0,0,0,technical,low0.35,0.41,6,244,3,0,0,0,technical,low0.99,0.57,3,221,3,0,0,0,technical,low0.73,0.49,4,200,2,1,0,0,technical,low0.44,0.48,2,226,3,0,0,0,technical,low0.43,0.74,4,121,5,1,0,0,technical,low0.81,0.77,5,249,2,0,0,0,support,low0.77,0.83,3,204,3,0,0,0,support,low0.52,0.86,5,256,3,0,0,0,support,medium0.21,0.92,2,211,2,0,0,0,support,medium0.88,0.93,3,162,3,0,0,0,support,medium0.48,0.8,5,235,2,0,0,0,support,medium0.21,0.63,5,226,3,0,0,0,support,medium0.81,0.53,4,242,3,0,0,0,support,medium0.38,0.77,3,173,5,0,0,0,support,medium0.67,0.77,5,167,2,0,0,0,support,medium0.87,0.94,4,256,2,0,0,0,support,medium0.85,0.41,2,229,6,0,0,0,technical,medium0.52,0.9,5,176,3,0,0,0,technical,medium0.9,0.95,3,133,4,0,0,0,technical,medium0.85,0.56,5,203,3,0,0,0,management,high0.77,0.52,3,210,3,1,0,0,IT,high0.61,0.97,4,198,2,0,0,0,IT,high0.74,0.54,3,175,3,1,0,0,IT,high0.56,0.85,5,245,3,0,0,0,IT,high0.28,0.97,4,102,3,0,0,0,IT,high0.86,0.68,2,192,3,0,0,0,product_mng,high0.63,0.78,4,160,2,0,0,0,product_mng,high0.85,0.96,3,211,2,0,0,0,product_mng,low0.84,0.84,6,261,5,0,0,0,product_mng,low0.98,0.6,4,191,3,0,0,0,IT,low0.51,0.78,5,225,4,0,0,0,RandD,low0.71,0.85,4,157,2,0,0,0,RandD,low0.88,0.69,3,248,4,0,0,0,RandD,low0.16,0.81,2,159,6,1,0,0,RandD,low0.98,0.86,4,254,2,1,0,0,RandD,low0.81,0.76,3,203,3,0,0,0,RandD,medium0.17,0.79,2,126,5,0,0,0,marketing,medium0.22,0.65,6,212,4,0,0,0,sales,medium0.67,0.69,5,225,3,0,0,0,accounting,medium0.72,0.83,5,193,2,0,0,0,support,medium0.67,0.91,3,147,3,0,0,0,technical,medium0.47,0.55,2,156,2,0,0,0,management,medium0.51,0.75,3,234,2,1,0,0,marketing,medium0.88,0.71,5,246,3,0,0,0,marketing,medium0.48,0.94,4,231,4,0,0,0,marketing,medium0.66,0.99,4,209,3,0,0,0,sales,medium0.58,0.5,3,144,3,0,0,0,sales,medium0.23,0.96,2,234,4,0,0,0,sales,medium0.86,0.77,5,230,2,0,0,0,sales,medium0.81,0.99,2,156,5,0,0,0,sales,medium0.75,0.54,6,138,4,1,0,0,sales,medium0.49,0.89,2,233,4,1,0,0,sales,medium0.31,0.5,3,262,5,0,0,0,sales,medium0.83,0.75,6,215,5,0,0,0,sales,medium0.7,0.55,4,227,3,0,0,0,sales,medium0.49,0.99,3,199,3,0,0,0,sales,medium0.57,0.92,3,238,2,0,0,0,sales,medium0.37,0.45,6,100,5,1,0,0,sales,medium0.69,0.75,3,179,2,1,0,0,sales,high0.62,0.98,4,107,2,0,0,0,sales,low0.5,0.68,4,274,4,0,0,0,sales,medium0.81,0.73,4,272,2,0,0,0,sales,medium0.2,0.41,6,264,3,0,0,0,sales,medium0.22,0.58,2,255,5,0,0,0,sales,medium0.63,0.79,5,215,2,1,0,0,accounting,medium0.68,0.53,3,156,4,0,0,0,accounting,medium0.52,0.49,3,146,2,1,0,0,accounting,medium0.22,0.52,6,217,6,0,0,0,hr,medium0.51,0.82,3,206,4,0,0,0,hr,medium0.66,0.92,4,239,3,0,0,0,hr,medium0.26,0.37,2,232,3,1,0,0,hr,low0.42,0.4,3,160,2,0,0,0,technical,low0.86,0.77,5,237,3,1,0,0,technical,low0.52,0.68,3,162,4,1,0,0,technical,low0.95,0.64,3,138,4,1,0,0,technical,low0.63,0.94,2,228,2,1,0,0,technical,low1,0.54,3,151,2,1,0,0,technical,low0.54,0.58,3,169,2,1,0,0,technical,high0.9,0.7,3,147,4,0,0,0,technical,low0.49,0.99,6,205,5,0,0,0,technical,high0.81,0.6,3,140,2,0,0,0,technical,high0.5,0.66,4,150,4,0,0,0,technical,low0.7,0.88,4,191,3,1,0,0,support,low0.5,0.85,4,150,2,0,0,0,support,high0.98,0.66,2,255,3,0,0,0,support,low0.86,0.51,3,230,3,0,0,0,support,medium0.93,0.77,3,202,5,0,0,0,support,high0.62,0.75,3,180,3,0,0,0,support,medium0.64,0.57,3,179,3,0,0,0,support,medium0.66,0.94,4,198,3,1,0,0,support,medium0.65,0.86,4,267,2,0,0,0,support,medium0.89,0.84,3,166,2,0,0,0,support,high0.77,0.58,4,162,2,0,0,0,support,medium0.4,0.36,4,128,4,0,0,0,technical,medium0.36,0.44,4,114,4,0,0,0,technical,medium0.3,0.48,2,104,2,0,0,0,technical,high0.9,0.64,4,139,3,1,0,0,management,medium0.23,0.49,5,214,5,0,0,0,IT,high0.24,0.79,2,175,5,0,0,0,IT,low0.98,0.92,4,175,2,0,0,0,IT,medium0.49,0.48,2,186,2,0,0,0,IT,medium0.23,0.48,3,139,4,0,0,0,IT,medium0.79,0.71,3,202,3,0,0,0,product_mng,medium0.21,0.76,4,165,6,1,0,0,product_mng,low0.38,0.92,5,238,2,0,0,0,product_mng,low0.17,0.59,4,179,4,0,0,0,product_mng,low0.56,0.69,5,239,2,1,0,0,IT,low0.97,0.7,5,195,2,1,0,0,RandD,low0.22,0.78,6,206,6,0,0,0,RandD,low0.84,0.88,3,194,3,0,0,0,RandD,low0.64,0.63,5,105,5,1,0,0,RandD,low0.78,0.69,5,256,3,0,0,0,RandD,low0.23,0.4,6,110,4,1,0,0,marketing,low0.99,0.82,6,185,4,1,0,0,sales,high0.15,0.76,4,255,6,0,0,0,accounting,low0.24,0.96,3,174,6,0,0,0,support,low0.84,0.71,4,273,3,0,0,0,technical,low0.82,0.58,2,248,6,0,0,0,management,low0.17,0.86,3,286,6,0,0,0,marketing,high0.72,0.71,5,248,2,0,0,0,marketing,low0.86,0.91,3,234,3,1,0,0,marketing,low0.75,0.55,3,162,3,0,0,0,sales,low0.93,0.82,5,272,3,0,0,0,sales,high0.75,0.52,3,260,3,1,0,0,sales,low0.45,0.55,3,151,3,0,0,0,sales,medium0.44,0.87,2,140,4,0,0,0,sales,high0.55,0.9,5,237,3,0,0,0,sales,medium0.78,0.56,5,252,2,0,0,0,sales,high0.5,0.52,4,178,3,0,0,0,sales,medium0.96,0.66,4,268,3,0,0,0,sales,medium0.72,0.53,5,244,4,0,0,0,sales,medium0.77,0.55,3,225,3,0,0,0,sales,medium0.89,0.94,5,223,3,0,0,0,sales,medium0.58,0.79,4,149,6,0,0,0,sales,medium0.75,0.96,5,190,3,0,0,0,sales,medium0.77,0.8,4,167,3,0,0,0,sales,medium0.76,0.87,4,161,3,0,0,0,sales,high0.87,0.76,4,218,2,0,0,0,sales,low0.95,0.74,3,212,3,0,0,0,sales,medium0.73,0.54,3,150,3,0,0,0,sales,medium0.2,0.56,5,181,6,0,0,0,accounting,medium0.55,0.43,3,120,6,1,0,0,accounting,medium0.21,0.53,3,229,5,0,0,0,accounting,medium0.91,0.74,3,139,5,1,0,0,hr,medium0.61,0.87,4,151,3,0,0,0,hr,medium0.89,0.59,4,230,3,0,0,0,hr,medium0.65,0.76,4,193,2,0,0,0,hr,medium0.7,0.48,4,229,2,0,0,0,technical,high0.79,0.95,3,222,4,0,0,0,technical,low0.99,0.67,3,200,2,0,0,0,technical,low0.52,0.77,4,134,4,0,0,0,technical,low0.71,0.97,3,219,3,0,0,0,technical,high0.21,0.58,5,197,4,0,0,0,technical,low0.4,0.62,3,283,5,0,0,0,technical,low0.74,0.75,4,149,3,0,0,0,technical,low0.79,0.6,4,161,3,0,0,0,technical,high0.88,0.58,5,264,3,0,0,0,technical,low0.89,0.93,4,137,2,0,0,0,technical,low0.61,0.72,3,144,2,0,0,0,support,low0.48,0.54,4,105,5,1,0,0,support,low0.81,0.98,6,196,2,0,0,0,support,low0.71,0.74,3,250,3,0,0,0,support,low0.92,0.53,3,253,3,0,0,0,support,low0.99,0.71,4,199,4,0,0,0,support,medium0.74,0.55,6,130,2,0,0,0,support,medium1,0.94,3,257,4,0,0,0,support,medium0.81,0.55,3,127,4,0,0,0,support,medium0.59,0.7,2,153,2,0,0,0,support,medium0.9,0.58,5,260,2,0,0,0,support,medium0.98,0.9,4,247,2,0,0,0,technical,medium0.56,0.55,3,250,4,0,0,0,technical,medium0.86,0.89,4,136,4,0,0,0,technical,medium0.82,0.59,3,210,3,0,0,0,management,medium0.94,0.53,4,183,3,0,0,0,IT,medium0.68,0.96,4,255,3,0,0,0,IT,medium0.81,0.69,5,109,2,0,0,0,IT,high0.59,0.59,3,173,3,0,0,0,IT,low0.54,0.82,4,266,2,0,0,0,IT,medium0.77,0.87,5,257,2,0,0,0,product_mng,medium0.62,0.61,6,103,4,0,0,0,product_mng,medium0.58,0.57,5,105,6,0,0,0,product_mng,medium0.63,0.84,3,269,2,0,0,0,product_mng,low0.78,1,4,154,2,0,0,0,IT,low0.82,0.78,5,232,3,0,0,0,RandD,low0.73,0.86,3,215,4,0,0,0,RandD,low0.53,0.74,4,272,2,1,0,0,RandD,low0.88,0.62,4,221,2,0,0,0,RandD,low0.65,0.6,4,200,4,0,0,0,RandD,low0.57,0.61,5,254,5,0,0,0,marketing,low0.93,0.76,5,187,3,0,0,0,marketing,low0.83,0.64,2,192,2,0,0,0,sales,low0.73,0.45,5,232,4,0,0,0,accounting,low0.78,0.67,4,221,3,1,0,0,support,low0.9,0.62,3,233,5,1,0,0,technical,low0.59,0.66,3,166,3,1,0,0,management,low0.67,0.89,2,173,3,0,0,0,marketing,low0.59,0.51,4,184,2,0,0,0,marketing,low0.53,0.54,4,257,3,1,0,0,marketing,low0.56,0.73,4,226,2,0,0,0,sales,low0.72,0.89,3,221,3,0,0,0,sales,low0.81,0.49,2,205,5,1,0,0,sales,low0.54,0.68,3,158,3,0,0,0,sales,low0.91,0.87,3,199,3,0,0,0,sales,medium0.51,0.96,3,192,3,0,0,0,sales,medium0.59,0.39,4,190,5,0,0,0,sales,medium0.64,0.86,5,222,3,0,0,0,sales,medium0.95,0.68,5,225,3,0,0,0,sales,medium0.75,0.69,3,274,2,0,0,0,sales,medium0.44,0.38,3,197,2,0,0,0,sales,medium0.55,0.6,4,176,3,0,0,0,sales,medium0.6,0.81,3,226,2,0,0,0,sales,medium0.84,0.58,5,186,2,0,0,0,sales,medium0.49,0.65,3,226,3,0,0,0,sales,medium0.75,0.71,4,209,3,0,0,0,sales,medium0.35,0.81,5,182,5,0,0,0,sales,high0.68,0.78,3,232,3,0,0,0,sales,low0.52,0.53,2,286,3,0,0,0,sales,medium0.78,0.57,3,177,3,0,0,0,accounting,medium0.44,0.92,6,268,4,1,0,0,accounting,medium0.18,0.86,5,267,4,0,0,0,accounting,medium0.37,0.52,4,211,4,0,0,0,hr,low0.71,0.76,3,246,3,0,0,0,hr,low0.55,0.83,5,220,3,0,0,0,hr,low0.98,0.78,3,197,2,0,0,0,hr,low0.88,0.53,3,188,3,0,0,0,technical,low0.79,0.9,5,212,5,0,0,0,technical,low0.96,0.66,3,230,3,0,0,0,technical,low0.3,0.55,6,178,2,0,0,0,technical,low0.59,0.9,4,226,2,0,0,0,technical,low0.72,0.55,4,202,3,0,0,0,technical,low0.59,0.87,4,191,2,0,0,0,technical,low0.93,0.68,2,150,3,0,0,0,technical,low0.49,0.86,5,235,5,0,0,0,technical,low0.73,0.95,3,258,3,0,0,0,technical,low0.53,0.6,5,247,3,0,0,0,technical,low0.77,0.83,6,271,3,0,0,0,support,low0.45,0.62,6,129,5,0,0,0,support,low0.95,0.78,5,246,3,0,0,0,support,low0.86,0.69,5,157,4,0,0,0,support,low0.59,0.58,4,233,4,0,0,0,support,low0.95,0.63,4,153,3,0,0,0,support,low0.7,0.92,4,142,2,1,0,0,support,medium0.56,0.64,5,241,3,1,0,0,support,medium0.5,0.92,3,186,2,0,0,0,support,medium0.76,0.92,4,154,3,0,0,0,support,medium0.85,0.77,5,263,3,0,0,0,support,medium0.98,1,5,150,3,0,0,0,technical,medium0.65,0.4,2,277,2,0,0,0,technical,medium0.44,0.97,4,240,5,1,0,0,technical,medium0.55,0.97,3,222,2,0,0,0,management,medium0.16,0.8,4,140,5,1,0,0,IT,medium0.16,0.9,6,213,2,0,0,0,IT,medium0.75,1,4,272,4,1,0,0,IT,medium0.59,0.57,4,261,2,0,0,0,IT,high0.48,0.87,3,236,2,0,0,0,IT,low0.18,0.68,6,154,5,0,0,0,product_mng,medium0.8,0.72,3,271,2,0,0,0,product_mng,medium0.8,0.88,3,154,2,0,0,0,product_mng,medium0.15,0.52,4,207,4,0,0,0,product_mng,medium0.62,0.86,4,181,2,0,0,0,IT,low0.21,0.99,6,165,4,1,0,0,RandD,low0.9,0.82,3,203,2,0,0,0,RandD,low0.51,1,4,197,2,0,0,0,RandD,low0.99,0.9,4,177,3,0,0,0,RandD,low0.71,0.49,4,273,2,1,0,0,RandD,low0.89,0.93,4,141,2,0,0,0,marketing,low0.74,0.67,4,158,3,0,0,0,sales,low0.84,0.85,3,243,2,0,0,0,accounting,low0.4,0.64,3,188,3,0,0,0,support,low1,0.71,4,216,2,0,0,0,technical,low0.48,0.51,5,286,3,0,0,0,management,low0.99,0.6,3,262,2,0,0,0,marketing,low0.73,0.81,5,173,3,0,0,0,marketing,low0.84,0.91,3,247,4,0,0,0,marketing,low0.55,0.7,3,237,4,0,0,0,sales,low0.44,0.99,5,119,2,0,0,0,sales,low0.95,0.67,4,227,3,0,0,0,sales,low0.76,0.65,4,195,3,0,0,0,sales,low0.94,0.7,6,217,5,0,0,0,sales,low0.85,0.5,4,267,3,0,0,0,sales,low0.57,0.62,3,154,2,0,0,0,sales,medium0.67,0.49,5,161,2,0,0,0,sales,medium0.7,0.67,3,179,3,1,0,0,sales,medium0.67,0.55,4,214,3,1,0,0,sales,medium0.72,0.84,3,167,3,0,0,0,sales,medium0.71,0.53,6,203,3,0,0,0,sales,medium0.51,0.8,4,231,3,0,0,0,sales,medium0.98,0.65,4,263,2,1,0,0,sales,medium0.52,0.83,2,227,4,0,0,0,sales,medium0.21,0.9,4,235,4,0,0,0,sales,medium0.43,0.93,6,127,3,1,0,0,sales,medium0.91,0.62,4,158,3,1,0,0,sales,medium0.74,0.85,4,105,5,0,0,0,sales,high0.34,0.81,3,257,5,0,0,0,accounting,low0.28,0.46,4,260,2,0,0,0,accounting,medium0.7,0.79,6,145,3,0,0,0,accounting,medium0.53,0.59,2,201,3,1,0,0,hr,medium0.97,0.51,4,241,4,0,0,0,hr,medium0.96,0.59,3,214,2,0,0,0,hr,low0.74,0.53,4,166,3,0,0,0,hr,low0.79,0.86,4,173,4,0,0,0,technical,low0.61,0.47,4,181,5,0,0,0,technical,low0.36,0.4,4,114,4,1,0,0,technical,low0.15,0.91,5,267,4,0,0,0,technical,low0.61,0.5,4,216,2,0,0,0,technical,low0.59,0.94,4,265,3,0,0,0,technical,low0.58,0.77,5,272,2,1,0,0,technical,low0.49,0.92,4,229,2,0,0,0,technical,low0.92,0.96,5,174,3,1,0,0,technical,low0.72,0.92,3,264,3,0,0,0,technical,low0.77,0.85,5,221,5,0,0,0,technical,low0.6,0.57,3,202,3,0,0,0,support,low0.21,0.4,3,262,3,0,0,0,support,low0.83,0.75,3,150,3,0,0,0,support,low0.71,0.95,3,251,3,0,0,0,support,low0.94,0.46,2,230,2,1,0,0,support,low0.59,0.99,3,185,2,0,0,0,support,medium0.59,0.59,4,216,2,1,0,0,support,medium0.99,0.68,3,181,3,1,0,0,support,medium0.64,0.7,5,140,4,0,0,0,support,medium0.54,0.5,4,160,3,0,0,0,support,medium0.78,0.63,3,192,2,0,0,0,support,medium0.7,0.79,6,257,4,0,0,0,technical,medium0.9,0.62,5,236,6,0,0,0,technical,medium0.14,0.74,6,160,5,0,0,0,technical,medium0.33,0.69,3,125,3,0,0,0,management,medium0.73,0.53,4,139,2,0,0,0,IT,medium0.8,0.87,4,217,3,0,0,0,IT,medium0.17,0.91,6,246,5,0,0,0,IT,high0.34,0.91,4,284,4,0,0,0,IT,low0.61,0.9,3,263,3,0,0,0,IT,medium0.18,0.95,4,241,6,0,0,0,product_mng,medium0.72,0.94,3,258,3,0,0,0,product_mng,medium0.32,0.79,4,136,3,0,0,0,product_mng,medium0.85,0.81,2,223,3,1,0,0,product_mng,low0.85,0.74,5,170,4,0,0,0,IT,low0.8,0.81,4,194,3,1,0,0,RandD,low0.36,0.82,4,218,5,0,0,0,RandD,low0.8,0.99,6,178,5,0,0,0,RandD,low0.55,0.9,3,181,3,1,0,0,RandD,low0.69,0.56,3,183,4,1,0,0,RandD,low0.71,0.61,2,198,2,1,0,0,marketing,low0.74,0.56,3,203,3,0,0,0,sales,low0.76,0.89,5,204,3,0,0,0,accounting,low0.81,0.62,3,257,3,0,0,0,support,low0.59,1,4,169,2,0,0,0,technical,low0.97,0.69,4,203,2,0,0,0,management,low0.98,0.74,4,260,2,1,0,0,marketing,low0.96,0.87,5,202,2,0,0,0,marketing,low0.82,0.63,4,199,2,0,0,0,marketing,low0.97,0.93,2,270,4,0,0,0,sales,low0.74,0.51,5,258,2,0,0,0,sales,low0.14,0.52,4,108,6,0,0,0,sales,low0.3,0.67,3,232,3,0,0,0,sales,low0.74,0.89,4,149,2,0,0,0,sales,low0.85,0.48,4,214,3,0,0,0,sales,medium0.69,0.65,4,136,2,0,0,0,sales,medium0.6,0.95,4,164,4,0,0,0,sales,medium0.53,0.85,3,236,6,0,0,0,sales,medium0.94,0.88,3,270,3,0,0,0,sales,medium0.57,0.63,5,156,4,0,0,0,sales,medium0.2,0.73,3,250,5,0,0,0,sales,medium0.82,0.92,4,196,3,0,0,0,sales,medium0.62,0.92,5,169,2,0,0,0,sales,medium0.88,0.59,2,144,3,0,0,0,sales,medium0.82,0.62,4,160,3,0,0,0,sales,medium0.62,0.91,3,142,6,1,0,0,sales,medium0.74,0.48,5,165,2,0,0,0,sales,high0.91,0.66,4,163,3,0,0,0,sales,low0.7,0.96,3,263,3,0,0,0,accounting,medium0.84,0.9,3,178,2,0,0,0,accounting,medium0.35,0.57,3,109,3,0,0,0,accounting,medium0.28,0.83,4,206,5,0,0,0,hr,medium0.37,0.37,3,168,3,0,0,0,hr,low0.75,0.5,4,155,2,1,0,0,hr,low0.34,0.6,4,154,2,0,0,0,hr,low0.55,0.5,4,179,3,0,0,0,technical,low0.97,0.92,3,168,3,0,0,0,technical,low0.91,0.57,3,158,3,0,0,0,technical,low0.48,0.63,3,180,2,1,0,0,technical,low0.53,0.71,4,227,3,0,0,0,technical,low0.84,0.67,3,139,2,0,0,0,technical,low0.31,0.69,3,120,3,0,0,0,technical,low0.81,0.62,4,255,4,1,0,0,technical,low0.78,0.95,5,273,2,0,0,0,technical,low0.64,0.68,3,272,3,0,0,0,technical,low0.41,0.77,4,231,6,0,0,0,technical,low0.74,0.81,5,281,3,1,0,0,support,low0.89,0.86,3,208,3,0,0,0,support,low0.26,0.43,4,215,4,1,0,0,support,low0.72,0.39,5,111,5,0,0,0,support,low0.84,0.74,2,168,3,0,0,0,support,low0.52,0.8,2,144,4,0,0,0,support,low0.65,0.95,3,266,3,1,0,0,support,low0.66,0.56,3,169,2,1,0,0,support,medium0.86,0.63,4,162,2,0,0,0,support,medium0.91,0.9,3,243,3,0,0,0,support,medium0.84,0.6,3,186,3,1,0,0,support,medium0.87,0.57,4,231,4,0,0,0,technical,medium0.57,0.54,4,167,3,0,0,0,technical,medium0.68,0.5,3,139,3,0,0,0,technical,medium1,0.59,5,182,3,1,0,0,management,medium0.86,0.74,4,261,2,0,0,0,IT,medium0.7,0.99,4,248,3,0,0,0,IT,medium0.28,0.7,2,164,4,0,0,0,IT,medium0.84,0.9,3,230,3,0,0,0,IT,medium0.68,0.92,3,226,2,0,0,0,IT,high0.45,0.6,2,98,3,0,0,0,product_mng,low0.37,0.74,5,117,3,0,0,0,product_mng,medium0.98,0.84,4,200,2,0,0,0,product_mng,medium0.67,0.57,3,206,3,1,0,0,product_mng,medium0.74,0.83,4,142,3,0,0,0,IT,medium0.48,0.46,2,174,3,0,0,0,RandD,low0.22,0.63,5,284,6,0,0,0,RandD,low0.14,0.79,5,163,6,0,0,0,RandD,low0.93,0.92,5,189,2,0,0,0,RandD,low0.83,0.54,4,189,4,0,0,0,RandD,low0.94,0.79,3,256,3,0,0,0,marketing,low0.7,0.98,3,215,2,0,0,0,sales,low0.74,0.86,4,221,2,1,0,0,accounting,low0.83,0.85,4,263,3,0,0,0,support,medium0.97,0.61,3,208,3,0,0,0,technical,medium0.61,0.71,3,216,4,0,0,0,management,medium0.77,0.71,2,242,2,0,0,0,marketing,medium0.66,0.73,2,135,6,0,0,0,marketing,medium0.92,0.99,3,190,3,0,0,0,marketing,medium0.62,0.55,3,108,2,1,0,0,sales,medium0.15,0.67,6,195,2,0,0,0,sales,medium0.82,0.68,3,160,4,0,0,0,sales,medium0.7,0.48,5,273,2,0,0,0,sales,medium0.18,0.39,2,177,6,0,0,0,sales,medium0.99,0.59,3,163,2,0,0,0,sales,medium0.22,0.9,4,106,2,0,0,0,sales,medium0.61,0.83,5,236,2,0,0,0,sales,medium0.78,0.91,3,132,2,0,0,0,sales,medium0.84,0.61,3,253,2,0,0,0,sales,medium0.87,0.74,4,151,4,0,0,0,sales,medium0.73,0.9,4,266,3,0,0,0,sales,medium0.7,0.86,3,141,2,1,0,0,sales,medium0.98,0.71,5,217,3,0,0,0,sales,medium0.85,0.49,3,258,3,0,0,0,sales,medium0.56,0.83,5,275,2,0,0,0,sales,medium0.48,0.62,4,210,2,0,0,0,sales,medium0.65,0.7,3,243,3,0,0,0,sales,medium0.84,0.59,3,234,3,1,0,0,sales,medium0.17,0.73,4,274,3,0,0,0,accounting,high0.84,0.61,4,261,2,0,0,0,accounting,high0.96,0.59,3,158,3,1,0,0,accounting,high0.62,0.96,5,251,2,0,0,0,hr,high0.57,0.7,3,158,3,0,0,0,hr,high0.98,0.87,3,246,3,0,0,0,hr,high0.72,0.99,4,227,3,0,0,0,hr,high0.43,0.46,4,169,5,0,0,0,technical,high0.68,0.57,5,187,4,0,0,0,technical,high0.69,0.86,4,238,3,0,0,0,technical,high0.91,0.66,4,139,3,0,0,0,technical,high0.42,0.37,2,284,3,0,0,0,technical,high0.8,0.99,4,255,5,1,0,0,technical,low0.79,0.57,5,230,2,0,0,0,technical,low1,0.94,3,272,3,0,0,0,technical,low0.63,0.75,4,155,3,0,0,0,technical,low0.61,0.51,6,163,6,0,0,0,technical,low0.78,0.98,4,260,3,0,0,0,technical,low0.72,0.96,5,223,3,1,0,0,support,low0.64,0.51,4,247,2,1,0,0,support,low0.79,0.86,3,126,5,0,0,0,support,low0.64,0.55,3,147,2,0,0,0,support,low0.82,0.88,4,259,3,0,0,0,support,low0.51,0.86,4,196,2,0,0,0,support,low0.18,0.51,6,227,2,0,0,0,support,low0.67,0.58,5,161,3,1,0,0,support,low0.65,0.85,3,213,2,0,0,0,support,low0.7,0.8,4,183,2,0,0,0,support,medium0.59,0.59,3,194,2,1,0,0,support,medium0.56,0.76,3,237,3,0,0,0,technical,medium0.17,0.94,5,273,4,0,0,0,technical,medium0.8,0.89,2,166,3,0,0,0,technical,medium0.91,0.62,5,169,4,0,0,0,management,medium0.51,0.54,3,154,3,1,0,0,IT,medium0.76,0.59,3,201,6,1,0,0,IT,medium0.82,0.59,3,178,2,0,0,0,IT,medium0.44,0.66,3,161,3,0,0,0,IT,medium0.5,0.48,4,269,3,0,0,0,IT,medium0.54,0.49,3,203,3,1,0,0,product_mng,medium0.56,0.63,4,271,2,1,0,0,product_mng,high0.77,0.66,6,181,4,0,0,0,product_mng,high0.39,0.38,4,135,2,0,0,0,product_mng,high0.52,0.62,3,275,2,0,0,0,IT,high0.63,0.91,3,252,2,0,0,0,RandD,high0.49,0.46,2,129,2,0,0,0,RandD,high0.2,0.47,4,230,4,0,0,0,RandD,high0.21,0.94,3,287,5,0,0,0,RandD,high0.85,0.98,5,156,2,0,0,0,RandD,low0.54,0.82,2,279,3,1,0,0,marketing,low0.23,0.88,5,156,4,0,0,0,sales,low0.65,0.96,3,168,2,0,0,0,accounting,low0.19,0.85,6,259,3,1,0,0,support,low0.76,0.58,4,188,3,0,0,0,technical,low0.83,0.8,4,149,3,0,0,0,management,low0.97,0.47,3,157,4,0,0,0,marketing,low0.67,1,3,201,4,0,0,0,marketing,medium0.53,0.62,3,185,3,0,0,0,marketing,medium0.34,0.71,2,160,3,1,0,0,sales,medium0.58,0.48,5,251,3,0,0,0,sales,medium0.96,0.68,5,145,3,1,0,0,sales,medium0.72,0.76,3,269,3,1,0,0,sales,medium0.58,0.62,3,213,2,0,0,0,sales,medium0.39,0.67,6,276,6,0,0,0,sales,medium0.24,0.57,5,232,3,0,0,0,sales,medium0.64,0.73,4,184,3,0,0,0,sales,medium0.98,0.55,3,260,3,0,0,0,sales,medium0.64,0.99,3,214,2,0,0,0,sales,medium0.56,0.41,2,194,2,0,0,0,sales,medium0.53,0.74,5,181,2,0,0,0,sales,medium0.62,0.57,4,215,3,0,0,0,sales,medium0.85,0.69,3,194,4,0,0,0,sales,medium0.76,0.85,4,190,3,0,0,0,sales,medium0.69,0.5,3,260,4,0,0,0,sales,medium0.35,0.67,2,171,3,0,0,0,sales,medium0.54,0.47,2,193,4,0,0,0,sales,medium0.63,0.49,3,252,3,0,0,0,sales,medium0.58,0.58,5,171,2,0,0,0,accounting,medium0.7,0.93,3,185,4,0,0,0,accounting,medium0.48,0.51,4,152,4,0,0,0,accounting,high0.59,0.92,4,183,2,0,0,0,hr,low0.96,0.8,4,145,2,0,0,0,hr,medium0.99,0.77,3,190,4,0,0,0,hr,medium0.73,0.59,4,214,5,0,0,0,hr,medium0.7,0.73,2,139,2,0,0,0,technical,medium0.85,0.88,5,236,4,0,0,0,technical,medium0.66,0.61,3,156,3,1,0,0,technical,medium0.94,0.97,2,221,2,0,0,0,technical,medium0.54,0.64,6,278,2,0,0,0,technical,medium0.78,0.47,4,129,2,0,0,0,technical,medium0.64,0.85,3,213,4,0,0,0,technical,medium0.68,0.56,3,146,3,0,0,0,technical,low0.92,0.84,4,159,3,0,0,0,technical,low0.72,0.73,3,198,2,0,0,0,technical,low0.78,0.74,6,251,4,0,0,0,technical,low0.35,0.54,2,124,3,0,0,0,support,low0.97,0.77,5,223,2,0,0,0,support,low0.57,0.65,3,163,2,0,0,0,support,low0.9,0.66,4,242,3,0,0,0,support,high0.31,0.61,4,97,2,0,0,0,support,low0.17,0.5,4,267,6,0,0,0,support,high0.8,0.4,5,199,4,1,0,0,support,high0.19,0.76,3,107,5,0,0,0,support,low0.57,0.65,5,144,3,1,0,0,support,low0.22,0.96,3,213,3,0,0,0,support,high0.15,0.9,5,284,4,0,0,0,support,low0.62,0.67,5,259,3,0,0,0,technical,medium0.61,0.41,3,103,2,0,0,0,technical,high0.87,0.81,5,236,3,0,0,0,technical,medium0.54,0.75,4,199,2,0,0,0,management,medium0.71,0.54,3,201,2,0,0,0,IT,medium0.66,0.67,3,123,4,0,0,0,IT,medium0.7,0.68,4,143,5,0,0,0,IT,high0.53,0.5,5,159,2,0,0,0,IT,medium0.92,0.54,5,203,3,0,0,0,IT,medium0.93,0.73,4,168,2,0,0,0,product_mng,medium0.62,0.7,5,180,4,0,0,0,product_mng,high0.65,0.53,5,142,3,0,0,0,product_mng,medium0.87,0.98,4,266,2,1,0,0,product_mng,high0.97,0.89,5,265,2,0,0,0,IT,low0.76,0.77,5,257,3,0,0,0,RandD,medium0.96,0.55,4,234,4,0,0,0,RandD,medium1,0.8,3,223,3,0,0,0,RandD,medium0.99,0.85,5,261,4,0,0,0,RandD,medium0.67,0.84,4,197,2,0,0,0,RandD,low0.61,0.52,4,171,2,0,0,0,marketing,low0.62,0.92,3,228,2,0,0,0,sales,low0.62,0.79,3,141,3,0,0,0,accounting,low0.97,0.76,3,147,3,1,0,0,support,low0.86,0.56,5,237,3,0,0,0,technical,low0.15,0.44,3,199,2,0,0,0,management,low0.14,0.95,4,144,5,0,0,0,marketing,low0.7,0.98,4,146,3,0,0,0,marketing,low0.95,0.7,4,139,3,0,0,0,marketing,low0.63,0.86,4,169,2,0,0,0,sales,high0.45,0.75,4,169,2,0,0,0,sales,low0.9,0.6,3,268,3,0,0,0,sales,low0.15,0.87,4,194,4,0,0,0,sales,low0.75,0.86,3,249,3,0,0,0,sales,low0.14,0.52,4,122,2,0,0,0,sales,high0.5,0.94,5,176,4,0,0,0,sales,low0.45,0.45,4,168,2,0,0,0,sales,low0.86,0.92,3,260,2,0,0,0,sales,low0.52,0.62,3,179,3,0,0,0,sales,high0.79,0.48,5,200,3,0,0,0,sales,low0.47,0.56,4,165,3,0,0,0,sales,medium0.76,0.64,4,144,2,0,0,0,sales,high0.52,0.72,4,186,2,0,0,0,sales,medium0.84,0.54,4,156,4,0,0,0,sales,high0.5,0.7,4,162,2,0,0,0,sales,medium0.52,0.63,3,269,2,0,0,0,sales,medium0.76,0.37,3,127,4,0,0,0,sales,medium0.59,0.58,2,267,3,0,0,0,sales,medium0.65,0.79,4,196,2,0,0,0,accounting,medium0.68,0.83,3,144,2,0,0,0,accounting,medium0.52,0.72,2,247,4,0,0,0,accounting,medium0.92,0.5,5,258,3,0,0,0,hr,medium0.53,0.84,4,219,2,0,0,0,hr,high0.5,0.95,2,208,2,0,0,0,hr,low0.98,0.77,4,184,3,0,0,0,hr,medium0.85,0.6,5,178,2,0,0,0,technical,medium0.49,0.83,4,194,3,0,0,0,technical,medium0.52,0.73,4,245,4,0,0,0,technical,medium0.96,0.77,3,193,3,0,0,0,technical,medium0.86,0.85,3,254,3,0,0,0,technical,medium0.35,0.59,3,281,2,0,0,0,technical,medium0.99,0.97,5,229,2,0,0,0,technical,medium0.52,0.92,4,112,2,0,0,0,technical,medium0.75,0.91,4,243,3,0,0,0,technical,high0.67,0.66,3,151,3,0,0,0,technical,low0.49,0.37,4,216,4,0,0,0,technical,low0.51,0.62,3,110,3,0,0,0,support,low0.65,0.6,3,142,2,0,0,0,support,high0.73,0.8,4,251,2,1,0,0,support,low0.46,0.75,6,276,6,0,0,0,support,low0.94,0.82,4,159,2,1,0,0,support,low0.53,0.69,4,257,4,0,0,0,support,high0.6,0.79,5,154,2,0,0,0,support,low0.63,0.97,5,146,3,0,0,0,support,low0.75,0.77,4,204,2,0,0,0,support,low0.69,0.53,4,156,3,0,0,0,support,low0.81,0.5,4,170,4,0,0,0,support,low0.74,0.84,3,239,3,0,0,0,technical,low0.72,0.55,4,145,3,0,0,0,technical,low0.27,0.39,4,193,4,0,0,0,technical,medium0.86,0.74,2,178,3,0,0,0,management,medium0.5,0.59,3,260,3,0,0,0,IT,medium0.82,0.5,3,198,4,0,0,0,IT,medium0.73,0.51,4,249,5,0,0,0,IT,medium0.7,0.72,4,202,3,0,0,0,IT,medium0.9,0.72,4,143,3,0,0,0,IT,medium0.72,0.95,2,178,4,1,0,0,product_mng,medium0.63,0.85,3,151,4,1,0,0,product_mng,medium0.84,0.99,4,134,3,0,0,0,product_mng,medium0.98,0.92,5,221,3,1,0,0,product_mng,medium0.41,0.48,6,165,4,0,0,0,IT,medium0.72,0.58,4,255,2,0,0,0,RandD,high0.87,0.89,3,140,2,1,0,0,RandD,low0.63,0.71,5,141,2,0,0,0,RandD,medium0.6,0.96,4,99,6,0,0,0,RandD,medium0.58,0.79,5,197,3,0,0,0,RandD,medium0.64,0.52,3,240,3,0,0,0,marketing,medium0.74,0.62,3,216,3,1,0,0,sales,low0.93,0.7,5,206,4,0,0,0,accounting,low0.74,0.75,4,257,3,0,0,0,support,low0.98,0.6,4,160,3,0,0,0,technical,low0.87,0.82,5,138,3,1,0,0,management,low0.76,0.99,3,216,3,0,0,0,marketing,low0.15,0.91,6,281,3,0,0,0,marketing,low0.18,0.57,6,238,6,1,0,0,marketing,low1,0.67,3,199,4,0,0,0,sales,low0.98,0.63,3,135,3,0,0,0,sales,low0.73,0.97,3,165,2,0,0,0,sales,low0.67,0.72,3,180,3,0,0,0,sales,low0.9,0.74,3,227,3,0,0,0,sales,low0.54,0.53,3,251,2,0,0,0,sales,low0.15,0.39,5,229,4,0,0,0,sales,low0.58,0.54,4,199,2,0,0,0,sales,low0.81,0.51,4,271,2,0,0,0,sales,low0.17,0.51,5,221,3,0,0,0,sales,low0.68,0.73,4,251,3,0,0,0,sales,low0.68,0.49,4,153,4,0,0,0,sales,low0.7,0.93,4,241,3,0,0,0,sales,low0.49,0.68,4,201,4,0,0,0,sales,medium0.55,0.96,4,267,3,0,0,0,sales,medium0.48,0.84,3,146,2,1,0,0,sales,medium0.63,0.98,4,210,3,0,0,0,sales,medium0.83,0.69,4,233,2,0,0,0,sales,medium0.48,0.87,3,221,2,0,0,0,sales,medium0.98,0.96,5,183,3,1,0,0,accounting,medium0.57,0.72,4,221,3,0,0,0,accounting,medium0.72,0.66,3,167,3,0,0,0,accounting,medium0.9,0.8,4,240,3,0,0,0,hr,medium0.64,0.59,3,200,2,1,0,0,hr,medium0.55,0.98,2,144,2,0,0,0,hr,medium0.56,0.59,5,209,2,1,0,0,hr,high0.8,0.55,3,206,2,0,0,0,technical,low0.65,0.76,3,111,5,0,0,0,technical,medium0.75,0.78,3,241,3,0,0,0,technical,medium0.69,0.79,3,207,3,0,0,0,technical,medium0.91,0.76,3,197,3,0,0,0,technical,medium0.78,0.63,5,200,2,0,0,0,technical,low0.71,0.68,4,242,4,0,0,0,technical,low0.79,0.96,4,180,3,0,0,0,technical,low0.86,0.72,4,173,3,0,0,0,technical,low0.87,0.82,3,224,3,0,0,0,technical,low0.76,0.99,2,183,2,0,0,0,technical,low0.76,0.8,4,226,5,0,0,0,support,low0.74,0.66,3,257,3,0,0,0,support,low0.56,0.81,3,165,4,0,0,0,support,low0.54,0.91,3,142,2,0,0,0,support,low0.84,0.79,4,258,4,0,0,0,support,low0.55,0.69,5,193,2,0,0,0,support,low0.69,0.51,3,176,2,0,0,0,support,low0.79,0.88,4,188,3,0,0,0,support,low0.21,0.38,3,275,5,0,0,0,support,low0.57,0.58,3,132,3,0,0,0,support,low0.89,0.95,3,246,4,0,0,0,support,low0.72,0.98,3,181,4,0,0,0,technical,low0.56,0.58,5,266,3,0,0,0,technical,low0.84,0.68,4,151,2,0,0,0,technical,low0.94,0.76,3,257,4,1,0,0,management,low0.29,0.88,6,183,4,0,0,0,IT,medium0.54,0.93,3,124,5,0,0,0,IT,medium0.93,0.73,4,153,2,1,0,0,IT,medium0.8,0.68,4,199,2,0,0,0,IT,medium1,0.73,5,142,4,0,0,0,IT,medium0.89,0.56,4,159,3,0,0,0,product_mng,medium0.6,0.78,6,211,4,1,0,0,product_mng,medium0.49,0.94,5,136,3,0,0,0,product_mng,medium0.65,0.75,4,153,2,0,0,0,product_mng,medium0.6,0.71,5,263,2,1,0,0,IT,medium0.51,1,3,168,3,1,0,0,RandD,medium0.74,0.89,4,234,3,1,0,0,RandD,medium0.57,0.42,4,154,5,0,0,0,RandD,high0.82,0.84,5,173,2,0,0,0,RandD,low0.19,0.63,5,206,6,0,0,0,RandD,medium0.5,0.64,4,208,2,0,0,0,marketing,medium0.91,0.68,4,178,3,1,0,0,sales,medium0.19,0.86,4,198,6,0,0,0,accounting,medium0.94,0.84,4,220,3,0,0,0,support,low0.88,0.67,4,226,2,0,0,0,technical,low0.9,0.87,4,231,5,0,0,0,management,low0.49,0.96,2,206,2,0,0,0,marketing,low0.99,0.55,4,179,4,0,0,0,marketing,low0.72,0.81,4,200,2,0,0,0,marketing,low0.66,0.69,5,202,6,0,0,0,sales,low0.96,0.51,4,237,3,0,0,0,sales,low0.49,0.69,4,270,3,0,0,0,sales,low0.73,0.49,3,168,2,1,0,0,sales,low0.48,0.98,5,132,4,0,0,0,sales,low0.57,0.78,3,162,2,0,0,0,sales,low0.63,0.82,3,269,3,0,0,0,sales,low0.46,0.87,5,254,5,1,0,0,sales,low0.64,0.5,3,261,2,0,0,0,sales,low0.56,0.73,4,148,3,0,0,0,sales,low0.97,0.75,5,228,4,0,0,0,sales,low0.69,0.68,3,138,3,0,0,0,sales,low0.23,0.97,4,200,3,0,0,0,sales,low0.77,0.48,4,258,4,1,0,0,sales,low0.76,0.57,4,266,3,0,0,0,sales,low0.98,0.66,3,204,2,0,0,0,sales,medium0.92,0.77,3,236,3,0,0,0,sales,medium0.63,0.67,4,149,3,1,0,0,sales,medium0.91,0.69,5,240,3,0,0,0,sales,medium0.4,0.67,3,115,3,0,0,0,accounting,medium0.82,0.62,4,267,3,1,0,0,accounting,medium0.81,0.88,4,149,3,0,0,0,accounting,medium0.61,0.69,3,224,3,0,0,0,hr,medium0.3,0.57,2,158,2,0,0,0,hr,medium0.59,0.72,2,107,3,0,0,0,hr,medium0.2,0.56,3,217,5,0,0,0,hr,medium0.75,0.56,2,212,2,0,0,0,technical,medium0.59,0.79,3,270,3,0,0,0,technical,high0.63,0.53,4,243,2,0,0,0,technical,low0.77,0.68,5,162,4,1,0,0,technical,medium0.82,0.6,5,232,2,0,0,0,technical,medium0.6,0.85,5,187,4,0,0,0,technical,medium0.83,0.72,3,259,2,0,0,0,technical,medium0.67,0.6,4,209,2,0,0,0,technical,low0.84,0.56,5,97,6,0,0,0,technical,low0.68,0.79,5,139,4,0,0,0,technical,low0.74,0.92,4,258,3,1,0,0,technical,low0.63,0.64,3,208,2,1,0,0,support,low0.88,0.9,2,233,3,0,0,0,support,low1,0.81,3,168,4,0,0,0,support,low0.7,0.87,4,252,2,1,0,0,support,low0.5,0.71,5,171,4,0,0,0,support,low0.94,0.66,5,219,3,0,0,0,support,low0.67,0.54,3,213,4,0,0,0,support,low0.8,0.88,5,199,4,0,0,0,support,low0.7,0.88,4,245,2,0,0,0,support,low0.24,0.73,4,273,5,0,0,0,support,low0.98,1,4,202,3,0,0,0,support,low0.76,0.65,4,240,3,0,0,0,technical,low0.78,0.5,4,155,4,0,0,0,technical,low0.42,0.91,3,209,2,0,0,0,technical,low0.83,0.64,4,210,3,0,0,0,management,medium0.98,0.81,4,266,6,0,0,0,IT,medium0.64,0.81,2,226,2,0,0,0,IT,medium0.67,0.75,4,133,2,0,0,0,IT,medium0.26,0.39,3,99,4,0,0,0,IT,medium0.97,0.64,3,237,3,0,0,0,IT,medium0.48,0.6,4,230,3,0,0,0,product_mng,medium0.84,0.55,4,149,2,0,0,0,product_mng,medium0.71,0.74,4,206,4,0,0,0,product_mng,medium1,0.84,3,185,3,0,0,0,product_mng,medium0.6,0.76,5,269,2,0,0,0,IT,medium0.95,0.37,6,233,5,0,0,0,RandD,medium0.56,0.56,3,162,2,0,0,0,RandD,high0.75,0.49,2,173,3,1,0,0,RandD,low0.98,0.53,6,253,4,0,0,0,RandD,medium0.7,0.72,5,134,3,0,0,0,RandD,medium0.65,0.92,4,133,3,0,0,0,marketing,medium0.8,0.81,5,143,2,0,0,0,sales,medium0.49,0.78,3,264,4,0,0,0,accounting,low0.32,0.73,3,180,6,0,0,0,support,low0.88,0.54,3,235,2,1,0,0,technical,low0.8,0.97,4,232,2,0,0,0,management,low0.73,0.74,4,181,4,0,0,0,marketing,low0.72,0.58,3,198,2,0,0,0,marketing,low0.58,0.78,5,211,3,1,0,0,marketing,low0.66,0.96,4,216,3,0,0,0,sales,low0.63,0.79,3,197,3,1,0,0,sales,low0.69,0.56,2,214,2,0,0,0,sales,low0.49,0.59,3,185,3,0,0,0,sales,low0.6,0.45,3,173,2,0,0,0,sales,low0.5,0.63,4,229,4,0,0,0,sales,low0.34,0.81,4,116,3,1,0,0,sales,low0.79,0.6,5,223,3,0,0,0,sales,low0.98,0.68,4,154,3,0,0,0,sales,low0.96,0.97,5,240,2,0,0,0,sales,low0.88,0.89,3,139,2,0,0,0,sales,low0.6,0.61,2,275,2,0,0,0,sales,low0.62,0.73,3,158,3,1,0,0,sales,low0.4,0.72,3,204,4,1,0,0,sales,low0.16,0.82,5,121,2,0,0,0,sales,medium0.81,0.98,5,243,6,0,0,0,sales,medium0.69,0.69,4,195,2,0,0,0,sales,medium0.66,0.51,5,149,3,0,0,0,sales,medium0.66,0.62,5,214,2,0,0,0,sales,medium0.61,0.53,4,266,3,0,0,0,accounting,medium0.99,0.77,5,222,2,0,0,0,accounting,medium0.73,0.54,3,283,6,0,0,0,accounting,medium0.63,0.72,2,161,5,0,0,0,hr,medium0.6,0.91,3,157,4,0,0,0,hr,medium0.44,0.44,3,126,2,0,0,0,hr,medium0.64,0.95,3,131,6,0,0,0,hr,medium0.91,0.81,4,139,2,0,0,0,technical,high0.55,0.59,4,230,3,0,0,0,technical,low0.7,0.73,4,240,2,1,0,0,technical,medium0.37,0.59,3,134,3,0,0,0,technical,medium0.16,0.56,6,196,3,0,0,0,technical,medium0.69,0.97,5,240,4,0,0,0,technical,medium0.96,0.47,2,233,5,1,0,0,technical,low0.62,0.91,5,267,3,0,0,0,technical,low0.94,0.45,2,211,3,0,0,0,technical,low0.67,0.83,3,260,3,0,0,0,technical,low0.89,0.57,3,113,3,0,0,0,technical,low0.6,0.63,5,267,3,0,0,0,support,low0.89,0.62,5,196,3,0,0,0,support,low0.6,0.89,3,232,2,0,0,0,support,low0.93,0.95,2,156,3,1,0,0,support,low0.38,0.78,4,159,5,0,0,0,support,low0.62,0.57,3,223,3,1,0,0,support,low0.86,0.86,4,197,3,1,0,0,support,low0.61,0.62,2,192,2,1,0,0,support,low0.77,0.64,4,192,3,0,0,0,support,low0.85,0.73,4,174,3,0,0,0,support,low0.94,0.62,4,191,3,0,0,0,support,low0.59,0.59,4,270,2,0,0,0,technical,low0.9,0.92,3,139,3,0,0,0,technical,low0.86,0.65,4,243,2,0,0,0,technical,low0.72,0.7,3,238,2,0,0,0,management,low0.84,0.52,5,189,2,1,0,0,IT,low0.64,0.5,4,189,3,0,0,0,IT,medium0.81,0.75,4,206,3,0,0,0,IT,medium0.66,0.7,5,254,2,0,0,0,IT,medium0.75,0.55,3,253,6,0,0,0,IT,medium0.54,0.67,3,243,2,0,0,0,product_mng,medium0.98,0.76,3,224,2,0,0,0,product_mng,medium0.8,0.85,4,139,2,0,0,0,product_mng,medium0.68,0.7,5,270,3,0,0,0,product_mng,medium0.54,0.57,3,257,2,0,0,0,IT,medium0.88,0.84,4,170,2,0,0,0,RandD,medium0.71,0.62,3,222,3,0,0,0,RandD,medium0.77,0.58,2,247,2,1,0,0,RandD,medium0.6,0.6,4,201,3,0,0,0,RandD,high0.53,0.75,4,263,5,0,0,0,RandD,low0.85,0.5,3,168,2,1,0,0,marketing,medium0.59,0.75,4,190,2,0,0,0,sales,medium0.23,0.77,4,140,5,0,0,0,accounting,medium0.7,0.6,3,224,3,0,0,0,support,medium0.92,0.49,5,145,3,0,0,0,technical,low0.95,0.37,4,285,3,0,0,0,management,low0.39,0.43,3,154,3,0,0,0,marketing,low0.85,0.8,4,200,2,0,0,0,marketing,low0.98,0.7,3,255,2,1,0,0,marketing,low0.15,0.48,6,204,6,1,0,0,sales,low0.68,0.54,3,270,4,1,0,0,sales,low0.24,0.91,5,177,5,0,0,0,sales,low0.77,0.59,4,140,3,0,0,0,sales,medium0.36,0.69,3,165,3,0,0,0,sales,medium0.5,0.89,3,187,4,1,0,0,sales,medium0.2,0.98,4,166,4,1,0,0,sales,medium0.86,0.56,5,141,2,0,0,0,sales,medium0.84,0.63,4,135,2,0,0,0,sales,medium0.9,0.98,5,148,4,0,0,0,sales,medium0.4,0.51,3,120,6,0,0,0,sales,medium0.63,0.62,3,141,3,0,0,0,sales,medium0.73,0.95,3,222,4,0,0,0,sales,medium0.25,0.67,2,136,6,0,0,0,sales,medium0.7,0.57,3,180,2,0,0,0,sales,medium0.6,0.97,3,187,3,1,0,0,sales,medium0.99,0.66,3,202,3,0,0,0,sales,medium0.29,0.86,3,251,4,0,0,0,sales,medium0.53,0.63,4,259,2,0,0,0,sales,medium0.83,0.76,3,262,2,0,0,0,accounting,medium0.18,0.92,5,251,4,0,0,0,accounting,medium0.14,0.74,4,117,5,0,0,0,accounting,medium0.5,0.66,4,155,2,0,0,0,hr,medium0.36,0.89,3,197,6,0,0,0,hr,medium0.34,0.56,3,139,2,0,0,0,hr,medium0.51,0.75,4,175,2,0,0,0,hr,medium0.5,0.52,5,137,3,1,0,0,technical,medium0.69,0.93,3,228,4,0,0,0,technical,medium0.52,0.51,2,232,4,0,0,0,technical,high0.32,0.5,2,143,3,0,0,0,technical,high0.88,0.99,3,190,5,0,0,0,technical,high0.6,0.87,3,196,3,1,0,0,technical,high0.72,0.8,3,213,3,0,0,0,technical,high0.65,0.9,3,200,3,0,0,0,technical,high0.82,0.78,5,166,2,0,0,0,technical,high0.67,0.92,5,258,3,0,0,0,technical,high0.44,0.87,5,104,4,0,0,0,technical,high0.52,0.85,5,173,2,0,0,0,support,high0.54,0.51,2,176,3,0,0,0,support,high0.67,0.76,5,181,3,0,0,0,support,high0.16,0.64,6,143,5,1,0,0,support,low0.81,0.73,4,186,3,0,0,0,support,low0.77,0.85,3,136,3,0,0,0,support,low0.84,0.99,4,219,2,0,0,0,support,low0.56,0.56,5,229,4,1,0,0,support,low0.67,0.97,5,239,3,0,0,0,support,low0.65,0.7,4,182,2,0,0,0,support,low0.39,0.57,2,132,3,0,0,0,support,low0.77,0.75,3,272,3,0,0,0,technical,low0.41,0.96,5,167,3,1,0,0,technical,low0.59,0.67,3,180,2,0,0,0,technical,low0.14,0.72,6,100,5,0,0,0,management,low0.6,0.82,4,134,2,0,0,0,IT,low0.14,0.98,6,221,5,0,0,0,IT,low0.88,0.8,3,166,2,0,0,0,IT,low0.6,0.91,4,214,2,0,0,0,IT,medium1,0.49,4,227,3,1,0,0,IT,medium0.56,0.98,4,207,3,0,0,0,product_mng,medium0.72,0.54,3,286,6,0,0,0,product_mng,medium0.59,0.83,3,240,3,1,0,0,product_mng,medium0.74,0.75,4,111,4,1,0,0,product_mng,medium0.52,0.69,4,164,2,0,0,0,IT,medium0.77,0.74,2,187,6,0,0,0,RandD,medium0.48,0.81,4,248,2,0,0,0,RandD,medium0.99,0.56,5,210,2,0,0,0,RandD,medium0.23,0.78,4,163,6,0,0,0,RandD,medium0.63,1,5,241,4,0,0,0,RandD,medium0.51,0.83,3,136,3,0,0,0,marketing,high0.54,0.55,4,208,5,0,0,0,sales,high0.53,0.73,5,174,3,0,0,0,accounting,high0.72,0.84,4,250,3,0,0,0,support,high0.57,0.61,2,189,2,1,0,0,technical,high0.81,0.77,3,204,3,0,0,0,management,high0.64,0.57,4,217,3,0,0,0,marketing,high0.77,0.57,5,162,3,0,0,0,marketing,high0.83,0.55,3,257,2,0,0,0,marketing,low0.6,0.71,3,195,2,0,0,0,sales,low0.86,0.87,5,156,4,0,0,0,sales,low0.5,0.55,2,128,3,0,0,0,sales,low0.6,0.75,5,233,3,1,0,0,sales,low0.85,0.73,4,260,4,0,0,0,sales,low0.4,0.87,5,250,4,0,0,0,sales,low0.38,0.79,5,176,3,0,0,0,sales,low0.96,0.59,6,133,5,0,0,0,sales,medium0.59,0.57,4,197,2,0,0,0,sales,medium0.56,0.5,3,156,3,1,0,0,sales,medium0.84,0.96,3,162,3,0,0,0,sales,medium0.94,0.99,3,207,2,0,0,0,sales,medium0.72,0.63,3,223,2,1,0,0,sales,medium0.82,0.7,3,149,2,0,0,0,sales,medium1,0.95,3,275,3,1,0,0,sales,medium0.62,0.77,3,271,2,0,0,0,sales,medium0.76,0.89,3,273,2,1,0,0,sales,medium0.23,0.74,5,219,4,0,0,0,sales,medium0.7,0.99,5,135,4,0,0,0,sales,medium0.71,0.88,3,158,3,0,0,0,accounting,medium0.32,0.37,3,167,3,0,0,0,accounting,medium0.69,0.67,4,274,4,0,0,0,accounting,medium0.66,0.59,3,145,3,0,0,0,hr,medium0.7,0.67,6,233,6,0,0,0,hr,medium0.91,0.76,3,159,3,0,0,0,hr,medium0.2,0.7,4,221,5,0,0,0,hr,medium0.72,0.83,3,132,2,0,0,0,technical,medium0.74,0.93,5,140,3,0,0,0,technical,medium0.53,0.79,3,206,3,0,0,0,technical,medium0.99,0.92,4,229,2,0,0,0,technical,medium0.75,0.85,4,272,4,0,0,0,technical,high0.86,0.78,4,164,2,0,0,0,technical,low0.93,0.86,4,145,3,0,0,0,technical,medium0.81,0.95,3,212,3,0,0,0,technical,medium0.49,0.67,3,254,2,1,0,0,technical,medium0.97,0.72,5,260,4,0,0,0,technical,medium0.62,0.89,3,201,3,0,0,0,technical,medium0.75,0.79,4,176,4,1,0,0,support,medium0.87,0.58,3,140,3,1,0,0,support,medium0.93,0.65,5,201,3,0,0,0,support,medium0.74,0.68,3,206,2,1,0,0,support,medium0.68,0.57,3,197,3,1,0,0,support,medium0.49,0.63,3,245,4,0,0,0,support,low0.75,0.84,3,145,3,1,0,0,support,low0.95,0.58,4,131,5,0,0,0,support,low0.95,0.75,5,235,3,1,0,0,support,low0.67,0.65,5,242,3,0,0,0,support,low0.71,0.6,2,251,3,0,0,0,support,low0.81,0.73,4,258,2,0,0,0,technical,low0.79,0.36,3,114,3,0,0,0,technical,high0.57,0.52,3,143,2,0,0,0,technical,low0.85,0.65,3,187,2,0,0,0,management,high0.15,0.78,5,255,3,0,0,0,IT,high0.48,0.87,3,267,2,0,0,0,IT,low0.92,0.91,4,247,3,0,0,0,IT,low0.73,0.67,4,153,3,0,0,0,IT,high0.68,0.71,3,237,3,0,0,0,IT,low0.88,0.55,5,182,3,0,0,0,product_mng,medium0.8,0.55,4,144,5,1,0,0,product_mng,high0.66,0.9,3,176,2,1,0,0,product_mng,medium0.19,0.8,5,203,6,0,0,0,product_mng,medium0.3,0.53,3,148,4,0,0,0,IT,medium0.8,0.8,3,175,2,0,0,0,RandD,medium0.66,0.84,3,211,4,0,0,0,RandD,high0.22,0.67,6,175,5,0,0,0,RandD,medium0.57,0.59,4,206,3,0,0,0,RandD,medium0.83,0.73,4,262,2,0,0,0,RandD,medium0.57,0.5,4,177,2,0,0,0,marketing,high0.78,0.54,3,134,3,0,0,0,sales,medium0.88,0.89,2,201,3,0,0,0,accounting,high0.48,0.69,3,105,3,0,0,0,support,low0.91,0.82,4,259,3,0,0,0,technical,medium0.3,0.97,3,171,4,1,0,0,management,medium0.63,0.98,4,228,3,0,0,0,marketing,medium0.62,0.36,2,137,4,1,0,0,marketing,medium0.74,0.72,5,196,3,0,0,0,marketing,low0.5,0.53,3,207,4,0,0,0,sales,low0.36,0.74,6,280,3,0,0,0,sales,low0.57,0.65,4,162,3,1,0,0,sales,low0.73,0.55,4,267,3,0,0,0,sales,low0.77,0.67,5,207,2,0,0,0,sales,low0.86,0.5,4,196,2,0,0,0,sales,low0.24,0.55,6,231,4,0,0,0,sales,low0.83,0.62,4,242,3,0,0,0,sales,low0.72,0.63,4,207,3,0,0,0,sales,low0.52,0.82,4,206,2,1,0,0,sales,high0.99,0.54,4,236,4,0,0,0,sales,low0.15,0.68,5,246,2,0,0,0,sales,low0.79,0.94,3,204,2,1,0,0,sales,low0.19,0.91,3,268,4,0,0,0,sales,low0.59,0.62,3,212,2,1,0,0,sales,high0.15,0.74,6,178,3,0,0,0,sales,low0.75,0.72,5,260,3,0,0,0,sales,low0.47,0.71,2,241,4,0,0,0,sales,low0.64,0.64,3,234,3,1,0,0,sales,high0.66,0.76,3,207,2,0,0,0,accounting,low0.8,0.91,5,242,3,1,0,0,accounting,medium0.82,0.52,5,225,2,0,0,0,accounting,high0.8,0.98,3,161,3,0,0,0,hr,medium0.98,0.98,4,259,2,0,0,0,hr,high0.95,0.96,3,250,3,0,0,0,hr,medium0.88,0.61,3,236,3,0,0,0,hr,medium0.9,0.97,4,239,4,0,0,0,technical,medium0.66,0.83,4,266,3,1,0,0,technical,medium0.99,0.62,5,133,3,0,0,0,technical,medium0.86,0.95,5,275,2,0,0,0,technical,medium0.96,0.95,5,189,2,0,0,0,technical,medium1,0.63,5,171,3,0,0,0,technical,medium0.46,0.38,6,140,3,0,0,0,technical,high0.19,0.85,6,116,3,0,0,0,technical,low0.73,0.6,3,145,6,1,0,0,technical,medium0.63,0.5,4,167,3,1,0,0,technical,medium0.68,0.89,4,227,3,0,0,0,technical,medium0.78,0.96,4,245,3,0,0,0,support,medium0.79,0.56,4,132,3,0,0,0,support,medium0.86,0.99,3,254,2,0,0,0,support,medium0.98,0.53,4,166,2,0,0,0,support,medium0.89,0.79,2,208,3,1,0,0,support,medium0.86,0.87,3,197,4,1,0,0,support,medium0.65,0.83,4,263,3,1,0,0,support,high0.52,0.98,4,272,2,0,0,0,support,low0.54,0.65,3,147,3,1,0,0,support,low0.68,0.73,4,197,3,0,0,0,support,low0.88,0.65,3,268,2,0,0,0,support,high0.75,0.85,4,181,3,0,0,0,technical,low0.17,0.93,6,192,4,0,0,0,technical,low0.92,0.83,5,270,3,0,0,0,technical,low0.79,0.66,3,183,3,0,0,0,management,high0.52,0.66,5,184,3,0,0,0,IT,low0.95,0.73,4,238,3,1,0,0,IT,low0.72,0.49,4,148,2,0,0,0,IT,low0.4,0.41,4,127,3,0,0,0,IT,low0.61,0.59,3,162,2,1,0,0,IT,low0.49,0.97,4,166,5,0,0,0,product_mng,low0.32,0.55,4,283,4,0,0,0,product_mng,low0.82,0.77,3,108,6,0,0,0,product_mng,medium0.9,0.79,3,154,2,0,0,0,product_mng,medium0.95,0.74,3,139,2,0,0,0,IT,medium0.55,0.6,5,271,3,1,0,0,RandD,medium0.91,0.78,4,153,3,0,0,0,RandD,medium0.45,0.41,3,216,6,1,0,0,RandD,medium0.65,0.6,3,218,4,0,0,0,RandD,medium0.88,0.89,3,171,2,0,0,0,RandD,medium0.78,0.76,3,238,3,0,0,0,marketing,medium0.77,0.71,3,134,3,0,0,0,marketing,medium0.32,0.75,3,255,4,0,0,0,sales,medium0.98,0.38,4,140,6,0,0,0,accounting,medium0.51,0.76,2,239,3,0,0,0,support,high0.81,0.59,4,187,2,0,0,0,technical,low0.64,0.9,5,279,5,0,0,0,management,medium0.73,0.94,4,213,3,1,0,0,marketing,medium0.49,0.56,5,202,2,0,0,0,marketing,medium0.84,0.54,3,265,2,0,0,0,marketing,medium0.81,0.86,4,249,3,0,0,0,sales,low0.77,0.5,4,281,2,0,0,0,sales,low0.24,0.83,3,208,5,0,0,0,sales,low0.77,0.78,3,165,2,0,0,0,sales,low0.13,0.88,3,146,5,0,0,0,sales,low0.94,0.66,4,230,2,0,0,0,sales,low0.61,0.82,3,209,2,0,0,0,sales,low0.95,0.49,4,178,2,0,0,0,sales,low0.22,0.92,6,220,4,1,0,0,sales,low0.65,0.56,3,142,3,0,0,0,sales,low0.95,0.67,3,153,2,0,0,0,sales,low0.98,0.62,5,254,5,1,0,0,sales,low0.88,0.72,3,193,4,0,0,0,sales,low0.94,0.69,3,248,3,0,0,0,sales,low0.62,0.75,4,216,2,0,0,0,sales,low0.81,0.96,3,226,3,0,0,0,sales,low0.56,0.51,4,140,2,0,0,0,sales,low0.52,0.86,6,103,4,0,0,0,sales,low0.88,0.57,4,185,2,0,0,0,sales,low0.56,0.92,5,160,3,0,0,0,accounting,low0.36,0.63,3,130,5,0,0,0,accounting,low0.56,0.85,5,230,3,0,0,0,accounting,medium0.89,0.46,4,248,5,1,0,0,hr,medium0.95,0.42,3,189,2,1,0,0,hr,medium0.48,0.52,3,280,2,0,0,0,hr,medium0.75,0.75,4,266,3,0,0,0,hr,medium0.65,0.54,4,260,3,0,0,0,technical,medium0.4,0.86,2,264,5,0,0,0,technical,medium0.52,0.53,5,182,2,0,0,0,technical,medium0.52,0.68,4,233,2,0,0,0,technical,medium0.68,0.49,3,230,3,0,0,0,technical,medium0.72,0.61,5,170,3,0,0,0,technical,medium0.78,0.72,4,258,3,0,0,0,technical,medium0.54,0.9,3,164,3,0,0,0,technical,high0.18,0.46,4,249,4,0,0,0,technical,low0.51,0.5,2,235,2,0,0,0,technical,medium0.63,0.86,6,206,6,0,0,0,technical,medium0.83,0.86,4,139,3,0,0,0,support,medium0.91,0.82,3,145,3,1,0,0,support,medium0.79,0.66,4,139,4,0,0,0,support,low0.52,0.95,3,171,3,1,0,0,support,low0.83,0.94,3,160,3,0,0,0,support,low0.92,0.74,3,137,2,0,0,0,support,low0.14,0.72,4,254,4,0,0,0,support,low0.8,0.38,3,215,6,0,0,0,support,low0.79,0.72,3,216,4,0,0,0,support,low0.86,0.6,3,229,2,1,0,0,support,low0.95,0.47,6,215,4,0,0,0,support,low0.77,0.9,4,163,3,0,0,0,technical,low0.55,0.72,4,273,3,0,0,0,technical,low0.42,0.91,2,176,3,0,0,0,technical,low0.79,0.86,5,270,2,0,0,0,management,low0.41,0.48,3,182,2,0,0,0,IT,low0.66,0.72,4,223,4,0,0,0,IT,low1,0.65,4,237,3,0,0,0,IT,low0.87,0.74,5,248,2,0,0,0,IT,low0.51,0.99,3,233,4,0,0,0,IT,low0.63,0.79,2,206,5,0,0,0,product_mng,low0.86,0.86,4,227,2,0,0,0,product_mng,low0.4,0.98,4,154,3,0,0,0,product_mng,low0.79,0.97,6,113,2,1,0,0,product_mng,medium0.7,0.9,4,254,3,0,0,0,IT,medium0.49,0.91,5,231,3,0,0,0,RandD,medium0.76,0.62,4,190,3,0,0,0,RandD,medium0.89,0.52,3,190,3,0,0,0,RandD,medium0.83,0.86,3,179,2,0,0,0,RandD,medium0.19,0.69,4,269,6,0,0,0,RandD,medium0.68,0.67,3,228,2,0,0,0,RandD,medium0.62,0.68,4,251,4,0,0,0,marketing,medium0.87,0.49,2,251,3,0,0,0,sales,medium0.66,0.75,4,200,4,0,0,0,accounting,medium0.37,0.41,2,146,2,0,0,0,support,medium0.57,0.49,3,159,4,1,0,0,technical,high0.66,0.81,5,135,2,0,0,0,management,low0.63,0.88,5,260,3,0,0,0,marketing,medium0.65,0.96,5,226,2,1,0,0,marketing,medium0.33,0.85,2,127,3,0,0,0,marketing,medium0.66,0.57,6,278,3,0,0,0,sales,medium0.87,0.95,3,242,5,0,0,0,sales,low0.85,0.85,3,182,3,0,0,0,sales,low0.49,0.51,2,182,3,0,0,0,sales,low0.87,0.8,4,197,3,0,0,0,sales,low0.17,0.49,4,286,5,1,0,0,sales,low0.55,0.46,4,226,5,0,0,0,sales,low0.91,0.71,5,156,3,0,0,0,sales,low0.96,0.62,5,185,3,0,0,0,sales,low0.53,0.5,3,231,3,0,0,0,sales,low0.25,0.59,4,166,5,0,0,0,sales,low0.98,0.57,3,229,3,0,0,0,sales,low0.83,0.36,4,242,3,0,0,0,sales,low0.71,0.83,5,206,3,0,0,0,sales,low0.74,0.77,4,206,3,0,0,0,sales,low0.56,0.7,4,135,2,0,0,0,sales,low0.23,0.9,5,234,3,1,0,0,sales,low0.35,0.64,4,147,2,0,0,0,sales,low0.48,0.98,4,174,3,0,0,0,sales,low0.83,0.74,3,259,3,1,0,0,accounting,low0.73,0.87,3,227,4,0,0,0,accounting,low0.85,0.97,4,104,5,0,0,0,accounting,low0.8,0.95,3,247,3,0,0,0,hr,medium0.98,0.74,4,139,3,0,0,0,hr,medium0.96,0.85,3,186,2,0,0,0,hr,medium0.67,0.75,3,194,3,0,0,0,hr,medium0.58,0.91,3,124,2,0,0,0,technical,medium0.83,0.86,3,273,3,0,0,0,technical,medium0.9,0.57,4,186,4,0,0,0,technical,medium0.89,0.66,4,252,3,0,0,0,technical,medium0.99,0.92,3,154,3,0,0,0,technical,medium0.89,0.5,4,238,3,0,0,0,technical,medium0.79,0.5,4,151,3,1,0,0,technical,medium0.64,0.41,3,231,6,0,0,0,technical,medium0.22,0.57,5,174,6,0,0,0,technical,high0.94,0.6,5,278,2,0,0,0,technical,low0.56,0.97,3,270,3,1,0,0,technical,medium0.85,0.8,4,158,3,0,0,0,support,medium0.8,0.62,3,191,3,0,0,0,support,medium0.86,0.53,3,163,3,0,0,0,support,medium0.96,1,5,152,4,0,0,0,support,low0.51,0.61,4,251,2,1,0,0,support,low0.73,0.95,3,149,2,0,0,0,support,low0.31,0.75,4,220,3,0,0,0,support,low0.62,0.51,4,175,3,0,0,0,support,low0.55,0.91,3,179,3,1,0,0,support,low0.51,0.8,4,257,2,0,0,0,support,low0.54,0.54,3,196,3,0,0,0,support,low0.65,0.95,3,190,3,0,0,0,technical,low0.65,0.75,4,270,2,0,0,0,technical,low0.9,0.64,5,226,2,0,0,0,technical,low0.55,0.71,3,211,2,0,0,0,management,low0.59,0.89,3,192,2,0,0,0,IT,low0.34,0.67,5,96,2,1,0,0,IT,low0.31,0.92,5,197,5,0,0,0,IT,low0.83,0.71,3,243,2,1,0,0,IT,low0.8,0.73,3,168,2,0,0,0,IT,low0.66,0.85,5,271,4,0,0,0,product_mng,low0.98,0.39,5,158,4,1,0,0,product_mng,medium0.89,0.52,4,243,5,0,0,0,product_mng,medium0.64,0.94,3,148,2,0,0,0,product_mng,medium0.95,0.68,3,165,3,0,0,0,IT,medium0.96,0.85,5,171,2,0,0,0,RandD,medium0.96,0.82,5,164,2,0,0,0,RandD,medium0.63,0.81,4,265,2,0,0,0,RandD,medium0.83,0.71,4,196,2,0,0,0,RandD,medium0.61,0.72,4,182,2,1,0,0,RandD,medium0.89,0.66,3,272,3,0,0,0,RandD,medium0.67,0.63,3,241,3,0,0,0,marketing,medium0.61,1,5,139,2,0,0,0,sales,medium0.58,0.77,3,180,2,0,0,0,accounting,high0.56,0.76,4,206,2,1,0,0,support,low0.13,0.49,6,227,4,0,0,0,technical,medium0.39,1,5,204,5,1,0,0,management,medium0.94,0.48,4,218,3,0,0,0,marketing,medium0.63,0.61,3,205,2,0,0,0,marketing,medium0.75,0.63,4,261,3,1,0,0,marketing,low0.7,0.83,3,159,3,0,0,0,sales,low0.28,0.83,4,162,3,0,0,0,sales,low0.77,0.42,4,98,2,0,0,0,sales,low0.79,0.64,4,263,2,0,0,0,sales,low0.51,0.46,3,176,3,0,0,0,sales,low0.96,0.99,4,233,3,0,0,0,sales,low0.72,0.99,4,156,2,1,0,0,sales,low0.97,1,3,198,2,0,0,0,sales,low0.55,0.9,4,191,3,0,0,0,sales,low0.32,0.45,2,188,3,0,0,0,sales,low0.78,0.65,3,157,2,0,0,0,sales,low0.17,0.57,5,286,3,0,0,0,sales,low0.88,0.5,4,216,2,0,0,0,sales,low0.97,0.5,3,188,3,1,0,0,sales,low0.74,0.86,5,153,2,0,0,0,sales,low0.26,0.45,5,187,2,0,0,0,sales,low0.87,0.92,4,141,3,0,0,0,sales,low0.29,0.47,5,139,4,0,0,0,sales,low0.91,0.95,3,189,2,0,0,0,sales,low0.71,0.77,3,193,3,1,0,0,accounting,low0.6,0.63,3,182,3,0,0,0,accounting,medium0.5,0.61,4,135,3,0,0,0,accounting,medium0.49,0.85,4,238,2,0,0,0,hr,medium0.53,0.92,3,199,2,0,0,0,hr,medium0.42,0.38,2,115,3,0,0,0,hr,medium0.53,0.82,3,133,3,0,0,0,hr,medium0.34,0.62,4,158,2,0,0,0,technical,medium0.68,0.51,5,158,3,0,0,0,technical,medium0.56,0.77,5,238,4,0,0,0,technical,medium0.72,0.71,3,242,2,0,0,0,technical,medium0.76,0.55,4,250,3,0,0,0,technical,medium0.87,0.57,4,175,2,0,0,0,technical,medium0.97,0.63,3,270,4,1,0,0,technical,high0.8,0.62,3,171,3,0,0,0,technical,low0.67,0.81,5,175,6,1,0,0,technical,medium0.6,0.97,5,145,2,0,0,0,technical,medium0.88,0.5,3,170,3,0,0,0,technical,medium0.64,0.74,3,267,2,0,0,0,support,medium0.85,0.7,3,188,2,0,0,0,support,low0.9,0.48,3,213,3,0,0,0,support,low0.76,0.84,5,249,3,0,0,0,support,low0.55,0.66,3,134,3,0,0,0,support,low0.76,0.77,5,234,3,0,0,0,support,low0.87,0.72,3,201,3,0,0,0,support,low0.8,0.82,3,178,3,0,0,0,support,low0.54,0.68,4,183,2,0,0,0,support,low0.84,0.91,4,207,3,0,0,0,support,low0.85,0.64,4,147,3,0,0,0,support,low0.95,0.49,3,188,3,0,0,0,technical,low0.48,0.56,3,229,3,0,0,0,technical,low0.53,0.77,2,271,2,0,0,0,technical,low0.8,0.82,4,175,2,0,0,0,management,low0.4,0.46,2,109,3,0,0,0,IT,low0.76,0.69,4,253,3,0,0,0,IT,low0.99,0.64,3,174,4,0,0,0,IT,low0.49,0.64,3,142,4,0,0,0,IT,low0.94,0.71,3,175,3,0,0,0,IT,low0.54,0.73,4,266,3,0,0,0,product_mng,low0.13,0.93,4,253,5,1,0,0,product_mng,low0.91,0.84,3,237,2,0,0,0,product_mng,medium0.73,0.56,3,215,3,0,0,0,product_mng,medium0.65,0.97,3,171,3,0,0,0,IT,medium0.23,0.51,6,194,4,1,0,0,RandD,medium0.23,0.88,5,238,6,0,0,0,RandD,medium0.89,0.51,3,249,3,0,0,0,RandD,medium0.81,0.8,3,183,2,1,0,0,RandD,medium0.51,0.74,3,271,4,0,0,0,RandD,medium0.35,0.81,6,256,3,0,0,0,RandD,medium0.49,0.66,3,169,3,0,0,0,marketing,medium0.51,0.8,3,254,2,0,0,0,sales,medium0.66,0.86,4,112,6,0,0,0,accounting,medium0.74,0.96,5,222,2,0,0,0,support,high0.57,0.96,4,177,2,0,0,0,technical,low0.8,0.74,5,181,4,1,0,0,management,medium0.79,0.84,4,144,2,1,0,0,marketing,medium0.74,0.94,4,255,4,0,0,0,marketing,medium0.74,0.8,3,219,2,0,0,0,marketing,medium0.4,1,6,206,2,0,0,0,sales,low0.14,0.71,2,155,3,0,0,0,sales,low0.83,0.87,5,248,3,0,0,0,sales,low0.76,0.52,4,259,2,0,0,0,sales,low0.8,0.8,3,271,4,0,0,0,sales,low0.95,0.38,2,103,3,0,0,0,sales,low0.88,0.76,4,159,4,1,0,0,sales,low0.92,0.85,4,184,3,0,0,0,sales,low0.16,0.88,4,201,6,0,0,0,sales,medium0.7,0.63,3,157,4,0,0,0,sales,medium0.71,0.93,3,287,5,0,0,0,sales,medium0.52,0.82,2,242,3,0,0,0,sales,medium0.49,0.58,5,246,3,1,0,0,sales,medium0.5,0.57,3,219,3,0,0,0,sales,medium0.86,0.94,3,212,3,0,0,0,sales,medium0.49,0.99,5,262,2,1,0,0,sales,medium0.69,0.91,4,128,3,1,0,0,sales,medium0.96,1,3,231,6,0,0,0,sales,medium0.87,0.54,3,260,2,0,0,0,sales,medium0.36,0.4,3,160,3,0,0,0,accounting,medium0.86,1,3,166,3,1,0,0,accounting,medium0.79,0.74,4,222,2,0,0,0,accounting,medium1,0.52,4,171,4,0,0,0,hr,medium0.88,0.88,3,220,4,0,0,0,hr,medium0.49,0.65,4,176,3,1,0,0,hr,medium0.52,0.62,3,160,2,0,0,0,hr,medium0.76,0.78,3,162,3,0,0,0,technical,medium0.69,0.91,3,167,2,0,0,0,technical,medium0.69,0.81,5,217,2,0,0,0,technical,medium0.75,0.58,3,159,3,0,0,0,technical,medium0.47,0.47,4,191,3,0,0,0,technical,medium0.88,1,3,125,3,0,0,0,technical,medium0.49,0.43,5,210,4,1,0,0,technical,medium0.92,0.67,4,241,3,0,0,0,technical,high0.24,0.48,4,145,3,1,0,0,technical,high0.69,1,5,237,3,0,0,0,technical,high0.81,0.57,4,213,4,0,0,0,technical,high0.61,0.48,4,257,2,0,0,0,support,high0.75,0.86,6,114,4,0,0,0,support,high0.69,0.86,4,214,2,0,0,0,support,high0.53,0.49,3,191,3,0,0,0,support,high0.93,0.96,4,223,3,1,0,0,support,high0.15,0.67,5,249,5,0,0,0,support,high0.48,0.41,5,286,3,0,0,0,support,high0.67,0.73,4,251,3,0,0,0,support,high0.36,0.93,3,162,5,0,0,0,support,low0.35,0.54,3,138,4,0,0,0,support,low0.65,0.62,4,235,3,0,0,0,support,low0.8,0.5,4,125,3,0,0,0,technical,low0.97,0.96,5,210,6,1,0,0,technical,low0.67,0.64,4,136,3,0,0,0,technical,low0.58,0.78,3,223,3,0,0,0,management,low0.61,0.67,3,188,5,0,0,0,IT,low0.97,0.66,4,214,2,1,0,0,IT,low0.87,0.97,4,160,3,0,0,0,IT,low0.8,0.71,4,200,2,0,0,0,IT,low0.91,0.55,3,223,3,0,0,0,IT,low0.63,0.73,3,272,2,0,0,0,product_mng,low0.79,0.96,4,170,2,0,0,0,product_mng,low0.89,0.57,2,235,3,1,0,0,product_mng,low1,0.87,3,274,3,0,0,0,product_mng,medium0.6,0.73,5,203,2,0,0,0,IT,medium0.7,0.8,4,236,2,0,0,0,RandD,medium0.79,0.81,4,203,3,0,0,0,RandD,medium0.88,0.72,4,249,3,1,0,0,RandD,medium0.87,0.48,4,133,2,0,0,0,RandD,medium0.52,0.58,3,203,2,0,0,0,RandD,medium0.59,0.75,3,168,3,0,0,0,RandD,medium0.64,0.75,4,172,4,0,0,0,marketing,medium0.81,0.83,3,177,2,0,0,0,sales,medium0.87,0.57,3,149,2,0,0,0,accounting,medium0.74,0.61,3,231,2,0,0,0,support,medium0.73,0.89,3,226,3,1,0,0,technical,high0.97,0.58,4,187,4,1,0,0,management,high0.54,0.81,3,145,2,0,0,0,marketing,high0.59,0.55,4,138,2,0,0,0,marketing,high0.99,0.95,3,153,4,0,0,0,marketing,high0.79,0.75,4,168,3,0,0,0,sales,high0.96,0.37,3,111,2,0,0,0,sales,high0.54,0.67,3,154,2,0,0,0,sales,high0.79,0.84,4,171,3,0,0,0,sales,low0.64,0.79,3,253,2,0,0,0,sales,low0.65,0.53,4,160,3,0,0,0,sales,low0.87,0.86,3,196,4,0,0,0,sales,low0.7,0.59,4,178,3,0,0,0,sales,low0.89,0.81,3,268,3,0,0,0,sales,low0.61,0.58,6,146,3,0,0,0,sales,low0.9,0.49,4,185,2,0,0,0,sales,low0.49,0.54,4,247,3,1,0,0,sales,medium0.85,0.97,4,210,2,0,0,0,sales,medium0.54,0.58,3,234,3,0,0,0,sales,medium0.64,0.57,4,271,2,0,0,0,sales,medium0.81,0.77,5,102,5,0,0,0,sales,medium0.49,0.66,3,163,3,0,0,0,sales,medium0.58,0.57,3,144,4,1,0,0,sales,medium0.62,0.49,3,172,3,0,0,0,sales,medium0.8,0.84,3,203,3,1,0,0,accounting,medium0.64,0.64,3,192,3,1,0,0,accounting,medium0.81,0.86,5,159,2,0,0,0,accounting,medium0.8,0.74,3,159,2,0,0,0,hr,medium0.92,0.81,4,206,2,0,0,0,hr,medium0.66,0.98,4,225,2,1,0,0,hr,medium0.79,0.89,3,252,2,0,0,0,hr,medium0.74,0.54,6,113,3,0,0,0,technical,medium0.79,0.74,3,238,2,0,0,0,technical,medium0.87,0.94,3,217,3,0,0,0,technical,medium0.49,0.57,4,145,2,0,0,0,technical,medium0.3,0.44,5,128,4,1,0,0,technical,medium0.85,0.89,4,177,3,0,0,0,technical,medium0.61,0.97,4,256,4,0,0,0,technical,medium0.68,0.55,3,182,3,1,0,0,technical,medium0.67,0.67,4,226,2,0,0,0,technical,high0.63,0.73,5,168,3,0,0,0,technical,low0.63,0.94,4,145,3,0,0,0,technical,medium0.5,0.88,4,172,4,0,0,0,support,medium0.7,0.55,4,233,2,0,0,0,support,medium0.18,0.46,5,202,4,0,0,0,support,medium0.77,0.55,5,255,2,0,0,0,support,medium0.78,0.61,3,257,3,0,0,0,support,medium0.54,0.77,3,185,3,0,0,0,support,medium0.9,0.69,3,231,4,0,0,0,support,medium0.56,0.76,3,207,2,0,0,0,support,medium0.63,0.81,3,215,3,0,0,0,support,medium0.68,0.75,5,243,3,1,0,0,support,low0.96,0.54,3,198,3,0,0,0,support,low0.85,0.87,6,232,6,0,0,0,technical,low0.82,0.66,4,150,3,0,0,0,technical,low0.44,0.39,2,188,3,0,0,0,technical,low0.86,0.97,4,155,3,0,0,0,management,low0.56,0.68,3,109,3,0,0,0,IT,low0.69,0.94,3,170,3,0,0,0,IT,high0.91,0.85,5,214,2,0,0,0,IT,low0.99,0.94,3,244,3,0,0,0,IT,high0.76,0.84,5,137,4,0,0,0,IT,high0.63,0.67,5,250,2,0,0,0,product_mng,low0.21,0.62,4,247,3,1,0,0,product_mng,low0.63,0.43,2,222,4,0,0,0,product_mng,high0.58,0.51,2,100,2,0,0,0,product_mng,low0.52,0.84,4,212,3,0,0,0,IT,medium0.89,0.64,3,184,5,0,0,0,RandD,high0.81,0.81,4,177,3,0,0,0,RandD,medium0.62,0.73,3,138,3,0,0,0,RandD,medium0.83,0.5,4,167,3,1,0,0,RandD,medium0.85,0.99,3,201,3,0,0,0,RandD,medium0.52,0.61,5,162,3,0,0,0,marketing,high0.57,0.97,5,126,5,0,0,0,sales,medium0.93,1,4,145,3,0,0,0,accounting,medium0.78,0.89,3,211,3,0,0,0,support,medium0.65,0.59,3,167,2,0,0,0,technical,high0.42,0.74,5,256,6,0,0,0,management,medium0.22,0.61,6,237,5,0,0,0,marketing,high0.71,0.96,5,135,4,1,0,0,marketing,low0.44,0.68,5,209,4,0,0,0,marketing,medium0.6,0.52,4,190,3,0,0,0,sales,medium0.68,0.61,3,134,4,0,0,0,sales,medium0.53,0.41,2,148,2,1,0,0,sales,medium0.8,0.82,4,202,3,0,0,0,sales,low0.97,0.82,4,176,2,0,0,0,sales,low0.47,0.47,2,221,6,0,0,0,sales,low0.96,0.93,3,156,3,0,0,0,sales,low0.81,0.45,6,98,3,0,0,0,sales,low0.86,0.65,4,134,4,0,0,0,sales,low0.59,0.82,4,203,4,1,0,0,sales,low0.53,0.97,3,189,3,0,0,0,sales,low0.57,0.86,3,258,2,0,0,0,sales,low0.7,0.48,4,237,3,0,0,0,sales,low0.58,0.59,4,224,3,0,0,0,sales,high0.43,0.86,5,125,3,1,0,0,sales,low0.92,0.82,4,207,4,0,0,0,sales,low0.24,0.7,5,194,3,0,0,0,sales,low0.67,0.52,3,273,3,0,0,0,sales,low0.68,0.84,3,209,3,0,0,0,sales,high0.54,0.75,3,181,3,0,0,0,accounting,low0.73,0.63,3,172,4,1,0,0,accounting,low0.59,0.41,4,139,3,0,0,0,accounting,low0.22,0.64,6,260,4,0,0,0,hr,high0.49,0.83,3,168,4,1,0,0,hr,low0.91,1,6,242,3,1,0,0,hr,medium0.18,0.97,4,206,3,0,0,0,hr,high0.71,0.41,5,107,4,0,0,0,technical,medium0.56,0.66,5,216,2,0,0,0,technical,high0.84,0.62,4,152,3,0,0,0,technical,medium0.59,0.49,5,122,5,0,0,0,technical,medium0.88,0.62,4,138,3,0,0,0,technical,medium0.8,0.52,3,182,2,0,0,0,technical,medium0.53,0.63,3,205,2,0,0,0,technical,medium0.53,0.83,3,267,4,0,0,0,technical,medium0.3,0.67,3,150,2,0,0,0,technical,medium0.91,0.7,4,134,2,0,0,0,technical,medium0.32,0.66,5,116,5,1,0,0,technical,high0.73,0.87,3,181,3,0,0,0,support,low0.87,0.54,3,268,3,0,0,0,support,medium0.57,0.73,3,129,3,0,0,0,support,medium0.62,0.94,3,151,4,0,0,0,support,medium0.55,0.91,3,243,4,0,0,0,support,medium0.93,0.57,5,143,2,0,0,0,support,medium0.3,0.47,6,156,2,1,0,0,support,medium0.57,0.7,3,210,2,0,0,0,support,medium0.9,0.85,4,279,6,0,0,0,support,medium0.83,0.79,4,270,3,1,0,0,support,medium0.38,0.64,5,160,3,0,0,0,support,high0.97,0.95,4,173,2,0,0,0,technical,low0.7,1,4,261,3,0,0,0,technical,low0.26,0.73,4,178,6,0,0,0,technical,low0.58,0.58,3,122,3,0,0,0,management,high0.69,0.57,5,227,4,0,0,0,IT,low0.88,0.6,2,168,3,0,0,0,IT,low0.57,0.91,4,252,4,0,0,0,IT,low0.94,0.8,5,170,4,0,0,0,IT,high0.94,0.58,3,135,3,0,0,0,IT,low0.46,0.49,5,286,5,0,0,0,product_mng,low0.49,0.57,2,213,3,1,0,0,product_mng,low0.96,1,5,148,3,0,0,0,product_mng,low0.29,0.95,5,117,4,0,0,0,product_mng,low0.94,0.69,3,164,2,0,0,0,IT,low0.56,0.64,3,262,2,1,0,0,RandD,low0.18,0.49,5,250,5,1,0,0,RandD,medium0.84,0.83,4,222,3,0,0,0,RandD,medium0.58,0.96,3,192,4,0,0,0,RandD,medium0.21,0.6,5,151,6,0,0,0,RandD,medium0.59,0.53,4,216,2,0,0,0,marketing,medium0.66,0.65,3,234,2,0,0,0,marketing,medium0.58,0.82,4,268,3,0,0,0,sales,medium0.66,0.49,4,194,5,0,0,0,accounting,medium0.56,0.78,3,200,2,0,0,0,support,medium0.92,0.78,3,194,3,0,0,0,technical,medium0.56,0.69,3,176,3,0,0,0,management,medium0.57,0.59,4,158,3,0,0,0,marketing,medium0.99,0.79,3,271,4,0,0,0,marketing,high0.76,0.93,4,187,4,0,0,0,marketing,low0.78,0.91,4,202,2,0,0,0,sales,medium0.99,0.48,5,202,2,0,0,0,sales,medium0.71,0.95,6,204,3,1,0,0,sales,medium0.51,0.96,4,204,3,1,0,0,sales,medium0.88,0.82,3,244,3,0,0,0,sales,low0.96,0.83,3,234,3,0,0,0,sales,low0.9,0.64,4,217,3,0,0,0,sales,low0.77,0.51,4,142,4,0,0,0,sales,low0.95,0.5,4,186,3,1,0,0,sales,low0.85,0.67,3,267,2,1,0,0,sales,low0.46,0.79,2,108,3,0,0,0,sales,low0.57,0.95,3,274,4,0,0,0,sales,low0.93,1,3,148,4,0,0,0,sales,low0.78,0.68,5,168,3,0,0,0,sales,low0.68,1,4,185,2,1,0,0,sales,low0.83,0.78,3,257,2,0,0,0,sales,low0.56,0.51,5,256,4,1,0,0,sales,low0.93,0.78,2,188,2,0,0,0,sales,low0.13,0.53,6,173,4,0,0,0,sales,low0.71,0.99,5,208,2,1,0,0,accounting,low0.98,0.74,4,202,3,0,0,0,accounting,low0.83,0.82,3,134,3,0,0,0,accounting,low0.78,0.65,3,154,2,0,0,0,hr,low0.35,0.58,3,103,3,0,0,0,hr,low0.67,0.55,4,256,6,0,0,0,hr,low0.86,0.88,4,274,3,0,0,0,hr,medium0.33,0.61,2,163,3,0,0,0,technical,medium0.3,0.86,6,232,3,0,0,0,technical,medium0.75,0.63,4,268,3,0,0,0,technical,medium0.8,0.98,3,209,3,0,0,0,technical,medium0.98,0.53,5,238,3,0,0,0,technical,medium0.72,0.48,3,155,2,0,0,0,technical,medium0.82,0.52,5,270,3,0,0,0,technical,medium0.91,0.59,3,134,2,1,0,0,technical,medium0.84,0.78,3,221,3,1,0,0,technical,medium0.95,0.74,4,258,3,0,0,0,technical,medium0.53,0.51,6,272,5,0,0,0,technical,medium0.5,0.5,4,184,3,0,0,0,support,high0.36,0.95,6,276,2,0,0,0,support,low0.33,0.38,4,186,3,0,0,0,support,medium0.38,0.47,3,189,5,0,0,0,support,medium0.7,0.9,3,224,3,0,0,0,support,medium0.44,0.45,6,237,6,0,0,0,support,medium0.32,0.66,3,144,2,0,0,0,support,low0.63,0.93,6,171,3,1,0,0,support,low0.56,0.54,3,232,2,0,0,0,support,low0.56,0.78,4,193,2,1,0,0,support,low0.81,0.78,3,166,2,0,0,0,support,low0.89,0.75,3,167,2,0,0,0,technical,low0.63,0.87,2,101,3,0,0,0,technical,low0.64,0.66,5,266,3,0,0,0,technical,low0.46,0.53,3,135,2,0,0,0,management,low0.76,0.56,4,137,3,0,0,0,IT,low0.99,0.71,3,191,3,0,0,0,IT,low0.85,0.76,4,262,2,0,0,0,IT,low0.78,0.99,3,174,3,0,0,0,IT,low0.91,0.56,4,241,2,0,0,0,IT,low0.16,0.57,5,144,4,1,0,0,product_mng,low0.71,0.57,3,218,3,0,0,0,product_mng,low0.92,0.68,5,210,2,0,0,0,product_mng,low0.21,0.98,6,208,5,1,0,0,product_mng,low0.74,0.6,3,232,3,0,0,0,IT,low0.76,0.6,3,140,2,0,0,0,RandD,low0.62,0.95,3,189,4,0,0,0,RandD,low1,0.61,5,264,3,0,0,0,RandD,medium0.67,0.54,5,157,2,0,0,0,RandD,medium0.81,0.87,4,161,2,0,0,0,RandD,medium0.84,0.69,4,149,3,0,0,0,marketing,medium0.84,0.99,3,144,4,0,0,0,sales,medium0.97,0.97,4,242,2,0,0,0,accounting,medium0.7,0.5,6,214,5,0,0,0,support,medium0.52,0.74,4,174,3,0,0,0,technical,medium0.46,0.88,5,169,3,0,0,0,management,medium1,0.87,4,268,2,0,0,0,marketing,medium0.91,0.58,3,257,3,0,0,0,marketing,medium0.16,0.69,4,187,5,0,0,0,marketing,medium0.58,0.62,5,270,2,0,0,0,sales,high0.75,0.61,5,173,4,0,0,0,sales,low0.96,0.62,6,193,4,0,0,0,sales,medium0.92,0.78,4,212,2,0,0,0,sales,medium0.35,0.63,3,156,3,0,0,0,sales,medium0.56,0.96,3,244,3,0,0,0,sales,medium0.27,0.96,3,255,4,0,0,0,sales,low0.66,0.72,5,152,3,1,0,0,sales,low0.66,0.98,4,163,3,1,0,0,sales,low0.98,0.69,3,150,2,0,0,0,sales,low0.51,0.58,4,169,2,0,0,0,sales,low0.51,0.83,3,133,3,0,0,0,sales,low0.53,0.94,4,202,3,1,0,0,sales,low0.69,0.7,4,169,2,0,0,0,sales,low0.66,0.74,4,270,2,1,0,0,sales,low0.89,0.76,3,251,2,1,0,0,sales,low0.74,0.64,3,267,5,0,0,0,sales,low0.82,0.75,4,224,3,0,0,0,sales,low0.66,0.9,3,250,2,0,0,0,sales,low0.59,0.97,3,258,2,0,0,0,accounting,low0.13,0.65,2,209,5,0,0,0,accounting,low0.68,0.74,4,215,3,0,0,0,accounting,low0.5,0.81,3,183,3,0,0,0,hr,low0.6,0.82,3,143,3,0,0,0,hr,low0.87,0.98,3,174,3,0,0,0,hr,low0.51,0.89,6,170,4,0,0,0,hr,low0.78,0.63,3,202,2,0,0,0,technical,low0.66,0.96,4,160,2,0,0,0,technical,medium0.72,0.73,5,211,2,0,0,0,technical,medium0.57,0.98,3,236,3,1,0,0,technical,medium0.5,0.49,4,236,3,0,0,0,technical,medium0.72,0.62,4,252,2,1,0,0,technical,medium0.41,0.48,3,155,2,1,0,0,technical,medium0.55,0.65,5,138,2,0,0,0,technical,medium0.49,0.94,4,195,3,1,0,0,technical,medium0.8,0.94,3,150,3,0,0,0,technical,medium0.78,0.51,3,172,3,0,0,0,technical,medium0.69,0.56,3,240,2,0,0,0,support,medium0.83,0.98,3,229,6,0,0,0,support,medium0.89,0.73,3,169,3,0,0,0,support,high0.94,0.82,3,246,3,0,0,0,support,low0.51,0.53,4,260,2,1,0,0,support,medium0.89,0.9,4,101,6,0,0,0,support,medium0.99,0.69,3,190,3,0,0,0,support,medium0.79,0.66,3,154,4,0,0,0,support,medium0.98,0.97,4,196,4,0,0,0,support,low0.98,0.97,3,209,3,0,0,0,support,low0.97,0.67,4,223,3,0,0,0,support,low0.71,0.71,4,221,3,0,0,0,technical,low0.49,0.6,4,141,3,0,0,0,technical,low0.72,0.71,3,135,3,0,0,0,technical,low0.58,0.61,2,191,3,1,0,0,management,low0.65,1,4,195,3,0,0,0,IT,low0.18,0.55,5,217,4,0,0,0,IT,low0.83,0.99,4,184,3,0,0,0,IT,low0.2,0.76,5,188,3,0,0,0,IT,low0.96,0.93,6,240,6,0,0,0,IT,low0.59,0.69,4,226,3,0,0,0,product_mng,low0.97,0.99,3,196,3,0,0,0,product_mng,low0.14,0.99,6,251,4,0,0,0,product_mng,low0.75,0.96,4,150,2,0,0,0,product_mng,low0.71,0.63,3,249,3,0,0,0,IT,low0.84,0.52,4,251,3,0,0,0,RandD,low0.57,0.75,5,252,3,0,0,0,RandD,medium0.46,0.55,5,261,5,0,0,0,RandD,medium0.77,0.94,4,225,2,0,0,0,RandD,medium0.44,0.65,2,151,3,0,0,0,RandD,medium0.68,0.59,4,147,2,0,0,0,marketing,medium0.94,0.58,4,159,3,0,0,0,sales,medium0.73,0.91,4,241,2,1,0,0,accounting,medium0.51,0.5,5,176,5,0,0,0,support,medium0.93,0.87,4,218,4,0,0,0,technical,medium0.74,1,4,219,3,0,0,0,management,medium0.82,0.9,3,227,3,0,0,0,marketing,medium0.86,0.91,4,182,2,0,0,0,marketing,medium0.99,0.86,4,196,2,1,0,0,marketing,high0.58,0.86,4,257,3,0,0,0,sales,low0.96,0.6,5,182,5,0,0,0,sales,medium0.72,0.67,4,192,3,0,0,0,sales,medium0.23,0.94,4,142,4,0,0,0,sales,medium0.99,0.79,4,172,2,0,0,0,sales,medium0.95,0.58,4,188,3,0,0,0,sales,low0.75,0.55,5,281,3,1,0,0,sales,low0.95,0.54,4,255,2,0,0,0,sales,low0.97,0.84,3,223,3,0,0,0,sales,low0.98,0.86,2,219,4,0,0,0,sales,low0.79,0.98,3,195,2,0,0,0,sales,low0.54,0.91,2,156,3,0,0,0,sales,low0.51,0.51,5,259,4,0,0,0,sales,low0.83,0.91,4,266,3,1,0,0,sales,low0.6,0.7,3,147,2,0,0,0,sales,low0.58,0.83,4,207,3,0,0,0,sales,low0.55,0.68,3,185,2,0,0,0,sales,low0.5,0.64,5,195,2,0,0,0,sales,low0.46,0.41,6,148,4,0,0,0,sales,low0.61,0.82,3,157,2,0,0,0,accounting,low0.91,0.98,4,146,3,0,0,0,accounting,low0.5,0.94,3,262,4,0,0,0,accounting,low0.75,0.82,3,169,3,0,0,0,hr,low0.74,0.87,3,192,3,1,0,0,hr,low0.62,0.53,4,147,2,0,0,0,hr,low0.87,0.76,5,254,2,1,0,0,hr,low0.13,0.72,3,244,4,0,0,0,technical,medium0.71,0.43,2,100,6,0,0,0,technical,medium0.7,0.9,3,173,2,0,0,0,technical,medium0.32,0.87,2,197,2,1,0,0,technical,medium0.84,0.72,3,256,4,0,0,0,technical,medium0.79,0.87,4,253,2,0,0,0,technical,medium0.97,0.64,4,152,2,0,0,0,technical,medium0.76,0.58,5,136,3,0,0,0,technical,medium0.97,0.63,3,141,3,0,0,0,technical,medium0.53,0.4,5,212,3,1,0,0,technical,medium0.61,0.57,4,144,3,0,0,0,technical,medium0.94,0.89,2,118,4,0,0,0,support,medium0.52,0.79,5,265,3,1,0,0,support,high0.91,0.67,3,143,3,0,0,0,support,low0.52,0.63,3,230,2,0,0,0,support,medium0.59,0.68,5,243,2,0,0,0,support,medium0.61,0.71,3,152,4,1,0,0,support,medium0.78,0.78,3,252,3,0,0,0,support,medium0.44,0.67,3,113,2,0,0,0,support,low0.8,0.97,4,259,2,0,0,0,support,low0.54,0.6,4,139,5,0,0,0,support,low0.96,0.91,4,228,3,1,0,0,support,low0.98,0.49,4,214,3,0,0,0,technical,low0.83,0.91,4,210,4,0,0,0,technical,low0.64,0.89,4,146,3,0,0,0,technical,low0.51,0.78,3,155,2,0,0,0,management,low0.31,0.42,2,169,5,0,0,0,IT,low0.53,0.68,3,258,3,0,0,0,IT,low0.81,0.53,3,258,2,0,0,0,IT,low0.17,0.85,3,168,4,0,0,0,IT,low0.72,0.98,3,211,2,0,0,0,IT,low0.49,0.49,2,245,3,0,0,0,product_mng,low0.81,0.95,3,204,2,0,0,0,product_mng,low0.75,0.98,2,161,3,0,0,0,product_mng,low0.74,0.73,3,267,3,0,0,0,product_mng,low0.82,0.73,3,183,3,0,0,0,IT,low0.36,0.4,2,105,3,0,0,0,RandD,low0.89,0.55,3,260,2,0,0,0,RandD,low0.78,0.87,3,183,4,0,0,0,RandD,low0.81,0.56,4,262,3,0,0,0,RandD,medium0.61,0.78,4,244,4,0,0,0,RandD,medium0.23,0.96,4,242,6,0,0,0,marketing,medium0.73,1,4,146,3,0,0,0,sales,medium0.4,0.65,4,252,6,0,0,0,accounting,medium0.99,0.63,5,229,2,0,0,0,support,medium0.62,0.54,4,170,3,0,0,0,technical,medium0.61,0.93,3,250,4,0,0,0,management,medium0.9,0.98,2,243,3,0,0,0,marketing,medium0.93,0.67,4,135,3,1,0,0,marketing,medium0.52,0.75,4,266,3,0,0,0,marketing,medium0.77,0.72,4,223,3,0,0,0,sales,medium0.59,0.76,4,234,3,0,0,0,sales,high0.51,0.59,4,187,3,0,0,0,sales,low0.67,0.95,3,229,3,0,0,0,sales,medium0.95,0.65,3,155,2,1,0,0,sales,medium0.75,0.76,3,246,3,0,0,0,sales,medium0.54,0.61,3,152,3,0,0,0,sales,medium0.45,0.71,2,172,2,0,0,0,sales,low0.66,0.66,4,255,5,0,0,0,sales,low0.36,0.69,3,98,2,0,0,0,sales,low0.3,0.47,6,141,6,0,0,0,sales,low0.61,0.63,4,146,4,1,0,0,sales,low0.71,0.7,4,213,3,0,0,0,sales,low0.6,0.99,4,160,3,0,0,0,sales,low0.19,0.61,3,272,4,0,0,0,sales,low0.91,1,4,125,4,0,0,0,sales,medium0.98,0.69,3,152,2,0,0,0,sales,medium0.9,0.78,3,162,2,0,0,0,sales,medium0.73,0.94,3,251,6,0,0,0,sales,medium0.52,0.56,3,225,3,0,0,0,accounting,medium0.77,0.56,3,236,3,1,0,0,accounting,medium0.98,0.62,3,203,2,0,0,0,accounting,medium0.79,0.5,4,252,3,1,0,0,hr,medium0.73,0.91,3,135,2,0,0,0,hr,medium0.97,0.95,3,257,2,0,0,0,hr,medium0.38,0.6,5,145,5,0,0,0,hr,medium0.59,0.48,5,267,3,0,0,0,technical,medium0.73,0.79,4,208,5,0,0,0,technical,medium0.84,0.53,4,206,3,0,0,0,technical,medium0.61,0.59,4,247,2,0,0,0,technical,medium0.79,0.78,2,228,2,0,0,0,technical,medium0.73,0.91,4,248,2,1,0,0,technical,medium0.22,0.9,4,209,5,0,0,0,technical,medium0.84,0.52,5,171,3,0,0,0,technical,medium0.21,0.85,6,221,5,0,0,0,technical,medium0.44,0.69,2,173,2,0,0,0,technical,medium0.2,0.52,5,218,5,0,0,0,technical,medium0.51,0.86,4,223,3,1,0,0,support,medium0.55,0.98,3,169,2,0,0,0,support,medium0.24,0.38,6,109,2,0,0,0,support,medium0.65,0.77,4,273,2,0,0,0,support,high0.44,0.42,3,178,3,0,0,0,support,high0.98,0.67,4,189,4,0,0,0,support,high0.69,0.8,5,203,2,1,0,0,support,high0.71,0.56,3,177,4,0,0,0,support,high0.54,0.71,5,253,2,1,0,0,support,high0.77,0.98,3,273,3,0,0,0,support,high0.53,0.43,2,139,3,0,0,0,support,high0.64,0.72,3,185,2,1,0,0,technical,high0.69,0.59,5,182,4,0,0,0,technical,high0.93,0.71,5,270,2,0,0,0,technical,high0.58,0.65,3,139,4,0,0,0,management,high0.33,0.46,5,261,6,1,0,0,IT,low0.95,0.57,3,238,3,0,0,0,IT,low0.65,0.9,3,241,3,0,0,0,IT,low0.9,0.7,3,223,2,0,0,0,IT,low0.59,0.8,3,258,3,1,0,0,IT,low0.88,0.55,4,205,4,0,0,0,product_mng,low0.63,0.83,4,243,4,0,0,0,product_mng,low0.53,0.61,4,198,2,0,0,0,product_mng,low0.63,0.64,4,178,3,0,0,0,product_mng,low0.96,0.76,4,158,3,0,0,0,IT,low0.7,0.73,3,194,2,0,0,0,RandD,low0.73,0.36,4,253,2,1,0,0,RandD,low0.94,0.8,4,228,2,0,0,0,RandD,low0.82,0.58,5,227,3,0,0,0,RandD,low0.44,0.63,3,162,2,0,0,0,RandD,low0.58,0.9,5,257,3,0,0,0,marketing,medium0.55,0.97,2,140,2,0,0,0,sales,medium0.92,0.84,3,164,2,0,0,0,accounting,medium0.91,0.59,4,177,4,0,0,0,support,medium0.69,0.61,4,260,4,0,0,0,technical,medium0.23,0.7,4,233,2,0,0,0,management,medium0.21,0.81,4,227,5,0,0,0,marketing,medium0.51,0.6,4,140,3,0,0,0,marketing,medium0.73,0.74,3,254,4,1,0,0,marketing,medium0.65,0.67,3,245,3,0,0,0,sales,medium0.64,0.48,2,157,2,0,0,0,sales,medium0.77,0.49,3,265,3,0,0,0,sales,medium0.71,0.79,4,261,3,0,0,0,sales,high0.2,0.38,6,212,6,0,0,0,sales,high0.99,0.57,4,216,3,0,0,0,sales,high0.77,0.57,4,238,3,0,0,0,sales,high0.8,0.56,2,204,3,0,0,0,sales,high0.97,0.5,4,216,2,0,0,0,sales,high0.89,0.53,4,208,3,0,0,0,sales,high0.97,0.7,4,218,2,0,0,0,sales,high0.23,0.99,5,176,4,1,0,0,sales,low0.6,0.75,4,144,2,0,0,0,sales,low0.52,0.63,5,241,3,0,0,0,sales,low0.86,0.63,3,271,2,0,0,0,sales,low0.86,0.95,4,184,3,0,0,0,sales,low0.76,0.58,3,262,2,0,0,0,sales,low0.79,0.77,6,233,6,0,0,0,sales,low0.35,0.52,3,155,3,0,0,0,sales,low1,0.97,5,141,2,0,0,0,accounting,medium0.2,0.8,6,251,5,0,0,0,accounting,medium0.57,0.62,5,141,3,0,0,0,accounting,medium0.23,0.46,4,274,5,1,0,0,hr,medium0.82,0.97,3,160,2,0,0,0,hr,medium0.98,0.8,3,166,2,0,0,0,hr,medium0.52,0.7,4,219,3,0,0,0,hr,medium0.96,0.61,4,158,6,0,0,0,technical,medium0.69,0.64,4,190,4,0,0,0,technical,medium0.92,0.77,5,191,2,0,0,0,technical,medium0.91,0.43,4,117,5,1,0,0,technical,medium0.85,0.96,4,240,6,0,0,0,technical,medium0.91,0.77,4,239,2,0,0,0,technical,medium0.79,0.55,4,145,3,0,0,0,technical,medium0.74,0.95,3,157,4,0,0,0,technical,medium0.73,0.72,3,166,3,0,0,0,technical,medium0.55,0.98,4,137,2,0,0,0,technical,medium0.79,0.97,5,208,4,1,0,0,technical,medium0.53,0.51,4,174,2,0,0,0,support,medium0.7,0.6,3,267,3,0,0,0,support,medium0.74,0.56,3,125,6,0,0,0,support,medium0.95,0.76,4,220,3,0,0,0,support,medium0.49,0.57,4,141,3,0,0,0,support,medium0.79,0.9,5,146,3,1,0,0,support,high0.99,0.86,3,166,2,0,0,0,support,low0.56,0.79,4,197,2,0,0,0,support,medium0.7,0.79,4,240,2,0,0,0,support,medium0.93,0.65,4,258,3,0,0,0,support,medium0.46,0.66,6,229,3,0,0,0,support,medium0.24,0.61,5,252,4,0,0,0,technical,medium0.32,0.41,3,138,3,1,0,0,technical,medium0.5,0.78,4,208,3,1,0,0,technical,medium0.58,0.72,3,113,3,1,0,0,management,medium0.83,0.81,4,209,4,0,0,0,IT,medium0.57,0.42,2,248,4,0,0,0,IT,medium0.51,0.83,5,161,3,0,0,0,IT,low0.65,0.96,2,246,2,1,0,0,IT,low0.52,0.41,3,283,3,0,0,0,IT,low0.77,0.7,3,145,2,0,0,0,product_mng,low0.42,0.77,3,270,3,0,0,0,product_mng,low0.68,0.79,4,273,4,0,0,0,product_mng,low0.83,0.92,4,187,6,1,0,0,product_mng,low0.66,0.63,3,166,3,0,0,0,IT,high0.75,0.57,3,158,2,1,0,0,RandD,low0.65,0.48,4,229,3,0,0,0,RandD,high0.49,0.6,3,191,3,1,0,0,RandD,high0.77,0.96,3,232,2,1,0,0,RandD,low0.65,0.97,3,198,3,0,0,0,RandD,low0.65,0.49,5,238,4,0,0,0,marketing,high0.44,0.58,2,157,2,0,0,0,sales,low0.61,0.72,4,134,2,0,0,0,accounting,medium0.98,0.89,3,150,3,0,0,0,support,high0.68,0.88,5,256,2,0,0,0,technical,medium0.58,0.5,3,208,3,0,0,0,management,medium0.81,0.92,3,136,3,0,0,0,marketing,medium0.76,0.5,4,136,3,0,0,0,marketing,medium0.14,0.93,4,180,4,0,0,0,marketing,high0.49,0.91,3,227,3,0,0,0,sales,medium0.97,0.78,5,156,3,0,0,0,sales,medium0.91,0.6,4,133,4,1,0,0,sales,medium0.15,0.98,2,96,2,0,0,0,sales,high0.82,0.63,3,171,3,0,0,0,sales,medium0.67,0.87,3,177,4,0,0,0,sales,high0.5,0.96,4,274,3,0,0,0,sales,low0.57,0.39,2,145,3,0,0,0,sales,medium0.99,0.94,5,221,2,0,0,0,sales,medium0.97,0.94,3,202,2,0,0,0,sales,medium0.93,0.58,5,238,2,0,0,0,sales,medium0.62,0.6,4,170,2,0,0,0,sales,low0.62,0.51,4,208,2,1,0,0,sales,low0.96,0.61,4,199,3,0,0,0,sales,low0.98,0.96,4,253,3,0,0,0,sales,low0.52,0.57,4,239,3,0,0,0,sales,low0.56,0.77,5,279,4,0,0,0,sales,low0.14,0.41,6,114,3,0,0,0,sales,low0.29,0.38,6,105,5,0,0,0,sales,low0.76,0.81,4,193,3,1,0,0,accounting,low0.39,0.58,3,152,3,1,0,0,accounting,low0.96,0.72,4,228,2,0,0,0,accounting,high0.84,0.93,3,242,4,0,0,0,hr,low0.81,0.62,4,197,3,0,0,0,hr,low0.51,0.51,5,222,4,0,0,0,hr,low0.87,0.75,3,222,3,0,0,0,hr,low0.94,0.77,5,233,4,0,0,0,technical,high0.69,0.97,4,264,3,0,0,0,technical,low0.44,0.53,3,132,3,1,0,0,technical,low0.85,0.55,5,182,3,0,0,0,technical,low0.18,0.86,6,264,3,0,0,0,technical,high0.91,0.74,6,253,2,0,0,0,technical,low0.81,0.83,3,193,3,0,0,0,technical,medium0.82,0.59,5,143,2,1,0,0,technical,high0.48,0.79,3,180,2,0,0,0,technical,medium0.92,0.84,3,220,3,1,0,0,technical,high0.94,0.88,5,150,4,0,0,0,technical,medium1,0.56,3,182,3,0,0,0,support,medium0.96,0.91,3,257,3,0,0,0,support,medium0.24,0.74,3,269,4,1,0,0,support,medium0.62,0.89,5,243,3,0,0,0,support,medium0.55,0.76,4,257,3,0,0,0,support,medium0.82,0.52,5,233,2,0,0,0,support,medium0.62,0.56,4,267,4,0,0,0,support,medium0.61,0.69,4,160,2,1,0,0,support,high0.72,0.52,3,143,4,1,0,0,support,low0.45,0.76,4,143,2,1,0,0,support,medium0.51,0.93,3,162,4,0,0,0,support,medium0.42,0.53,3,181,5,0,0,0,technical,medium0.69,0.64,3,286,3,0,0,0,technical,medium0.61,0.66,2,111,3,0,0,0,technical,medium0.5,0.98,5,177,4,0,0,0,management,medium0.25,0.68,4,279,5,1,0,0,IT,medium0.88,0.89,4,135,3,0,0,0,IT,medium0.81,0.66,3,160,2,0,0,0,IT,medium0.75,0.77,3,178,4,0,0,0,IT,high0.77,0.8,3,147,3,0,0,0,IT,low0.55,0.72,3,204,2,0,0,0,product_mng,low0.7,0.73,5,151,2,0,0,0,product_mng,low0.96,0.78,3,209,2,0,0,0,product_mng,high0.18,0.73,6,225,4,0,0,0,product_mng,low0.22,0.62,6,142,3,0,0,0,IT,low0.95,0.49,3,158,2,0,0,0,RandD,low0.37,0.71,2,139,4,0,0,0,RandD,high0.84,0.45,3,263,2,0,0,0,RandD,low0.8,0.68,3,160,3,0,0,0,RandD,low0.57,0.55,2,173,2,0,0,0,RandD,low0.98,0.63,3,169,2,0,0,0,marketing,low0.95,0.62,3,161,3,0,0,0,sales,low0.8,0.65,4,172,3,1,0,0,accounting,low0.52,0.7,3,257,3,0,0,0,support,low0.31,0.62,2,139,3,0,0,0,technical,medium0.71,0.59,5,245,2,0,0,0,management,medium0.71,0.85,3,260,3,0,0,0,marketing,medium0.5,0.96,5,229,4,0,0,0,marketing,medium0.95,0.9,2,129,5,0,0,0,marketing,medium0.95,0.77,3,184,4,0,0,0,sales,medium0.65,0.85,4,204,3,0,0,0,sales,medium0.94,0.72,3,152,2,1,0,0,sales,medium0.72,0.85,4,142,3,0,0,0,sales,medium0.94,0.79,4,136,2,0,0,0,sales,medium0.79,0.94,4,216,4,0,0,0,sales,medium0.6,0.58,3,201,3,0,0,0,sales,medium0.62,0.76,4,163,3,0,0,0,sales,high0.94,0.74,4,224,5,0,0,0,sales,low0.24,0.5,4,209,3,0,0,0,sales,medium0.17,0.71,5,257,4,1,0,0,sales,medium0.66,0.83,4,234,4,0,0,0,sales,medium0.65,0.56,3,221,2,0,0,0,sales,medium0.51,0.62,2,186,2,0,0,0,sales,low0.41,0.75,4,199,3,0,0,0,sales,low0.98,0.99,3,235,3,0,0,0,sales,low0.96,0.55,5,211,2,0,0,0,sales,low0.55,0.97,4,136,4,0,0,0,sales,low0.99,0.71,4,155,3,0,0,0,sales,low0.51,0.98,4,269,3,0,0,0,accounting,low0.74,0.9,3,285,3,0,0,0,accounting,low0.81,0.87,5,241,3,0,0,0,accounting,low0.51,0.87,3,180,4,0,0,0,hr,low0.53,0.55,5,224,2,1,0,0,hr,low0.67,0.48,6,107,2,1,0,0,hr,low0.68,0.64,2,167,2,0,0,0,hr,low0.69,0.63,3,137,3,0,0,0,technical,low0.71,0.65,4,239,3,0,0,0,technical,low0.64,0.56,3,239,3,0,0,0,technical,low0.62,0.58,3,148,2,1,0,0,technical,low0.81,0.5,4,231,3,1,0,0,technical,low0.84,0.54,4,179,2,0,0,0,technical,low1,0.67,3,181,2,0,0,0,technical,low0.72,0.73,5,184,4,1,0,0,technical,low0.57,0.67,3,207,2,0,0,0,technical,medium0.73,0.99,4,152,4,0,0,0,technical,medium0.91,0.59,4,133,4,0,0,0,technical,medium0.98,0.85,4,178,3,0,0,0,support,medium0.58,0.95,4,173,3,0,0,0,support,medium0.73,0.52,2,113,5,1,0,0,support,medium0.96,0.95,3,236,2,0,0,0,support,medium0.57,0.98,3,188,5,0,0,0,support,medium0.77,0.73,3,269,2,0,0,0,support,medium0.3,0.85,2,203,3,0,0,0,support,medium0.85,0.75,3,214,3,0,0,0,support,medium0.49,0.83,2,185,6,0,0,0,support,medium0.77,0.43,4,265,6,0,0,0,support,high1,0.99,4,184,4,0,0,0,support,low0.85,0.74,3,157,3,0,0,0,technical,medium0.87,0.75,3,258,3,0,0,0,technical,medium0.9,0.79,3,222,6,1,0,0,technical,medium0.71,0.8,5,248,4,0,0,0,management,medium0.59,0.56,5,162,4,0,0,0,IT,low0.85,0.74,3,250,3,1,0,0,IT,low0.72,0.82,4,231,3,0,0,0,IT,low0.73,0.65,3,165,3,0,0,0,IT,low0.9,0.54,3,272,2,0,0,0,IT,low0.59,0.65,4,177,2,0,0,0,product_mng,low0.52,0.9,3,133,3,0,0,0,product_mng,low0.85,0.49,4,159,3,0,0,0,product_mng,low0.35,0.4,3,130,3,0,0,0,product_mng,low0.7,0.68,3,185,4,0,0,0,IT,low0.58,0.86,3,182,3,0,0,0,RandD,low0.89,0.5,2,238,4,0,0,0,RandD,low0.54,0.63,3,211,3,0,0,0,RandD,low0.55,0.89,4,209,3,0,0,0,RandD,low0.77,0.62,5,190,3,0,0,0,RandD,low0.55,0.61,4,272,4,1,0,0,marketing,low0.6,0.77,3,202,3,0,0,0,sales,low0.75,0.9,4,185,3,0,0,0,accounting,low0.57,0.88,3,176,3,0,0,0,support,low0.69,0.94,4,239,3,0,0,0,technical,low0.87,0.98,4,238,3,1,0,0,management,low0.69,0.36,5,269,6,1,0,0,marketing,medium0.58,0.92,3,232,5,0,0,0,marketing,medium0.87,0.64,2,148,6,1,0,0,marketing,medium0.71,0.77,3,149,2,0,0,0,sales,medium0.74,0.78,4,203,2,0,0,0,sales,medium0.75,0.53,5,235,3,0,0,0,sales,medium0.5,0.54,2,269,2,1,0,0,sales,medium0.59,0.86,4,260,2,0,0,0,sales,medium0.81,0.84,3,216,3,0,0,0,sales,medium0.34,0.55,3,136,2,1,0,0,sales,medium0.53,0.87,5,158,3,0,0,0,sales,medium0.94,0.85,4,180,4,0,0,0,sales,medium0.76,0.77,5,133,2,0,0,0,sales,high0.2,0.58,5,199,4,0,0,0,sales,low0.97,0.67,3,169,2,1,0,0,sales,medium0.96,0.72,3,195,2,0,0,0,sales,medium0.81,0.5,5,205,3,0,0,0,sales,medium0.2,0.48,4,156,4,1,0,0,sales,medium0.53,0.71,3,125,2,1,0,0,sales,low0.75,0.76,3,171,4,0,0,0,sales,low0.55,0.91,4,199,3,0,0,0,sales,low0.58,0.65,5,187,2,0,0,0,sales,low0.99,0.64,4,218,4,0,0,0,accounting,low0.96,0.86,4,268,3,0,0,0,accounting,low0.82,0.92,3,257,2,0,0,0,accounting,low0.88,0.77,4,224,5,1,0,0,hr,low0.78,0.97,4,221,4,0,0,0,hr,low0.46,0.47,6,101,5,0,0,0,hr,low0.88,0.59,3,224,2,0,0,0,hr,low0.91,0.55,3,223,4,1,0,0,technical,low0.6,0.68,4,271,4,0,0,0,technical,low0.82,0.51,3,210,2,0,0,0,technical,low0.67,0.56,4,241,3,0,0,0,technical,low0.55,0.61,3,209,3,0,0,0,technical,low0.73,0.62,5,186,4,0,0,0,technical,low0.59,0.68,4,273,2,0,0,0,technical,low0.4,0.65,6,172,2,1,0,0,technical,low0.56,0.99,3,209,2,0,0,0,technical,low0.87,0.57,4,175,2,1,0,0,technical,low0.5,0.53,5,239,3,0,0,0,technical,medium0.98,0.79,4,231,4,0,0,0,support,medium0.71,0.96,4,131,3,0,0,0,support,medium0.72,0.89,4,217,3,0,0,0,support,medium0.5,0.83,4,242,2,0,0,0,support,medium0.89,0.56,3,224,2,0,0,0,support,medium0.56,0.68,3,208,3,1,0,0,support,medium0.32,0.55,4,167,5,0,0,0,support,medium0.96,0.88,5,269,2,0,0,0,support,medium0.67,0.92,4,156,2,0,0,0,support,medium0.26,0.7,3,238,6,0,0,0,support,medium0.51,0.9,5,193,4,0,0,0,support,medium0.16,0.78,4,196,5,0,0,0,technical,high0.77,0.71,5,233,2,0,0,0,technical,low0.67,0.52,2,152,5,0,0,0,technical,medium0.36,0.77,4,252,2,0,0,0,management,medium0.69,0.82,3,262,5,1,0,0,IT,medium0.72,0.76,3,261,4,0,0,0,IT,medium0.72,0.81,4,144,2,0,0,0,IT,low0.88,0.95,4,234,3,0,0,0,IT,low0.91,0.55,2,234,2,0,0,0,IT,low0.96,0.6,4,170,2,1,0,0,product_mng,low0.49,0.8,3,238,4,0,0,0,product_mng,low0.59,0.97,5,242,3,0,0,0,product_mng,low0.8,0.87,4,209,3,0,0,0,product_mng,low0.91,0.67,4,206,3,0,0,0,IT,low0.18,0.79,4,240,5,0,0,0,RandD,low0.94,0.58,5,215,2,0,0,0,RandD,low0.44,0.61,3,147,4,0,0,0,RandD,low0.96,0.59,2,265,2,0,0,0,RandD,low0.55,0.97,4,162,3,0,0,0,RandD,low0.99,0.54,4,239,3,0,0,0,marketing,low0.75,0.88,3,224,2,0,0,0,sales,low0.66,0.78,4,256,3,0,0,0,accounting,low0.96,0.57,3,263,3,0,0,0,support,low0.6,0.86,6,272,4,0,0,0,technical,low0.64,0.78,4,159,4,0,0,0,management,medium0.85,0.8,4,219,2,0,0,0,marketing,medium0.3,0.53,3,210,6,0,0,0,marketing,medium0.74,0.95,4,237,3,1,0,0,marketing,medium0.14,0.8,5,226,3,0,0,0,sales,medium0.93,0.76,3,212,3,0,0,0,sales,medium0.75,0.48,3,250,5,0,0,0,sales,medium0.58,0.63,4,171,3,0,0,0,sales,medium0.59,0.6,3,149,4,0,0,0,sales,medium0.2,0.9,5,228,6,0,0,0,sales,medium1,0.84,3,215,2,0,0,0,sales,medium0.51,0.51,3,272,3,0,0,0,sales,medium0.16,0.72,4,192,6,0,0,0,sales,high0.77,0.56,5,226,4,0,0,0,sales,low0.61,0.47,2,149,3,0,0,0,sales,medium0.73,0.51,3,244,2,0,0,0,sales,medium0.52,0.85,4,193,3,0,0,0,sales,medium0.13,0.72,4,247,3,0,0,0,sales,medium0.73,0.62,3,181,3,0,0,0,sales,low0.39,0.68,2,137,3,1,0,0,sales,low0.92,0.8,3,211,4,0,0,0,sales,low0.34,0.78,5,137,4,0,0,0,sales,low0.94,0.51,4,229,2,1,0,0,sales,low0.82,0.65,4,168,3,0,0,0,accounting,low0.26,0.69,4,180,3,1,0,0,accounting,low0.78,0.53,4,177,2,0,0,0,accounting,low0.61,0.95,4,191,2,0,0,0,hr,low0.5,0.53,3,191,2,1,0,0,hr,low0.52,0.96,4,125,3,0,0,0,hr,low0.89,0.79,4,152,3,0,0,0,hr,low0.85,0.52,4,174,2,0,0,0,technical,low0.62,0.86,4,135,3,0,0,0,technical,low0.38,0.67,2,117,3,0,0,0,technical,low0.55,0.49,2,180,5,1,0,0,technical,low0.83,0.84,4,146,3,0,0,0,technical,low0.62,0.65,3,249,3,0,0,0,technical,low0.6,0.54,3,136,3,1,0,0,technical,low0.62,0.5,4,198,3,1,0,0,technical,low0.23,0.88,5,201,3,0,0,0,technical,low0.13,0.74,6,132,4,1,0,0,technical,medium0.96,0.63,4,142,4,0,0,0,technical,medium0.5,0.74,5,256,3,1,0,0,support,medium0.66,0.72,3,135,2,0,0,0,support,medium0.61,0.72,4,209,2,0,0,0,support,medium0.45,0.48,5,287,5,0,0,0,support,medium0.5,0.95,4,222,3,1,0,0,support,medium0.75,0.82,3,227,2,0,0,0,support,medium0.88,0.5,4,162,2,0,0,0,support,medium0.49,0.79,5,206,2,0,0,0,support,medium0.82,0.87,5,273,6,0,0,0,support,medium0.92,0.65,4,135,3,0,0,0,support,medium0.4,0.85,5,99,2,1,0,0,support,high0.36,0.61,4,166,4,0,0,0,technical,low0.8,0.99,5,187,3,1,0,0,technical,medium0.68,0.65,4,134,3,0,0,0,technical,medium0.54,0.45,4,137,3,1,0,0,management,medium0.73,0.69,3,175,2,0,0,0,IT,medium0.64,0.49,5,188,2,0,0,0,IT,low0.12,0.39,5,161,4,0,0,0,IT,low0.6,0.7,4,145,6,0,0,0,IT,low0.36,0.62,4,111,6,0,0,0,IT,low0.63,0.76,3,176,2,0,0,0,product_mng,low0.67,0.94,2,192,3,0,0,0,product_mng,low0.83,0.9,3,179,2,1,0,0,product_mng,low0.48,0.9,4,224,3,0,0,0,product_mng,low0.89,0.56,4,241,5,0,0,0,IT,low0.71,0.96,3,201,3,0,0,0,RandD,low0.31,0.59,4,138,2,0,0,0,RandD,low0.89,0.84,5,168,2,0,0,0,RandD,low0.38,0.51,2,120,3,0,0,0,RandD,low0.88,0.92,3,179,3,0,0,0,RandD,low0.64,0.85,3,250,3,0,0,0,marketing,low0.65,0.74,4,237,3,1,0,0,sales,low0.65,0.81,4,192,3,0,0,0,accounting,low0.54,0.97,4,258,3,0,0,0,support,low0.69,0.76,4,257,4,0,0,0,technical,low0.77,0.78,2,271,3,0,0,0,management,low0.28,0.66,3,184,2,0,0,0,marketing,low0.33,0.4,6,214,6,0,0,0,marketing,medium0.83,0.68,4,198,3,0,0,0,marketing,medium0.89,0.73,3,274,2,0,0,0,sales,medium0.76,0.6,5,279,2,0,0,0,sales,medium0.83,0.64,5,272,2,0,0,0,sales,medium0.57,0.85,4,152,3,0,0,0,sales,medium0.61,0.89,2,287,4,0,0,0,sales,medium0.96,0.89,2,239,6,1,0,0,sales,medium0.17,0.5,4,274,6,0,0,0,sales,medium0.61,0.6,4,121,2,0,0,0,sales,medium0.73,0.74,5,199,2,0,0,0,sales,medium0.3,0.39,3,175,3,0,0,0,sales,medium0.42,0.67,2,115,3,0,0,0,sales,high0.65,0.75,3,194,4,1,0,0,sales,low0.17,0.45,2,119,3,0,0,0,sales,medium0.12,0.82,5,162,4,1,0,0,sales,medium0.7,0.78,5,264,2,0,0,0,sales,medium0.87,0.88,3,179,2,0,0,0,sales,medium0.43,0.44,5,213,3,0,0,0,sales,low0.84,0.65,3,269,2,0,0,0,sales,low0.94,0.55,3,160,3,0,0,0,sales,low0.89,0.76,4,133,2,0,0,0,accounting,low0.69,0.75,5,201,3,0,0,0,accounting,low0.18,0.99,4,160,5,0,0,0,accounting,low0.98,0.69,3,274,3,0,0,0,hr,low0.3,0.88,5,245,4,0,0,0,hr,low0.51,0.53,3,237,3,0,0,0,hr,medium0.76,0.9,3,279,6,0,0,0,hr,medium0.67,0.96,4,207,3,0,0,0,technical,medium0.12,0.84,4,218,6,0,0,0,technical,medium0.42,0.41,5,240,2,0,0,0,technical,medium0.69,0.76,3,153,3,0,0,0,technical,medium0.63,0.96,3,144,2,0,0,0,technical,medium0.66,0.62,2,159,3,1,0,0,technical,medium0.5,0.5,3,237,2,0,0,0,technical,medium0.67,0.82,5,148,2,1,0,0,technical,medium0.59,0.62,4,205,3,0,0,0,technical,medium0.75,0.78,2,264,3,1,0,0,technical,medium0.88,0.89,5,189,2,0,0,0,technical,medium0.99,0.75,3,243,3,0,0,0,support,medium0.44,0.42,2,199,2,0,0,0,support,medium0.65,0.78,4,205,2,0,0,0,support,medium0.88,0.63,3,184,4,0,0,0,support,medium0.58,0.79,2,274,4,0,0,0,support,medium0.99,0.9,4,181,3,0,0,0,support,medium0.76,0.71,3,205,2,0,0,0,support,medium0.14,0.98,5,172,5,0,0,0,support,medium0.57,0.86,3,164,2,0,0,0,support,medium0.52,0.82,3,138,2,1,0,0,support,medium0.71,0.55,5,262,3,0,0,0,support,medium0.27,0.75,5,264,3,0,0,0,technical,medium0.49,0.52,3,225,2,0,0,0,technical,high0.59,0.5,3,199,2,0,0,0,technical,high0.24,0.65,6,210,5,0,0,0,management,high0.18,0.87,6,226,4,0,0,0,IT,high0.73,0.62,5,134,3,0,0,0,IT,high0.78,0.63,6,111,6,0,0,0,IT,high0.94,0.73,5,142,2,1,0,0,IT,high0.86,0.53,3,213,3,0,0,0,IT,high0.97,0.88,4,139,2,0,0,0,product_mng,high0.49,0.54,3,145,3,0,0,0,product_mng,high0.82,0.48,4,149,6,0,0,0,product_mng,high0.86,0.64,4,147,2,1,0,0,product_mng,high0.3,0.39,3,193,3,1,0,0,IT,low0.7,0.38,4,270,2,0,0,0,RandD,low0.8,0.78,5,266,3,0,0,0,RandD,low0.36,0.63,2,278,4,0,0,0,RandD,low0.4,0.61,3,165,2,0,0,0,RandD,low0.8,0.58,4,175,2,0,0,0,RandD,low0.98,0.73,4,140,4,0,0,0,marketing,low0.92,0.67,3,149,3,0,0,0,sales,low0.68,1,3,205,4,0,0,0,accounting,low1,0.59,3,253,3,0,0,0,support,low0.8,0.54,3,222,4,0,0,0,technical,low0.85,0.69,4,216,4,0,0,0,management,low0.69,0.6,3,139,2,0,0,0,marketing,low0.57,0.52,4,252,2,0,0,0,marketing,low0.33,0.72,2,173,2,0,0,0,marketing,low0.19,0.48,6,178,3,1,0,0,sales,medium0.5,0.63,3,160,2,0,0,0,sales,medium0.52,0.88,3,261,4,0,0,0,sales,medium0.13,0.52,6,188,3,0,0,0,sales,medium0.18,0.73,4,219,5,0,0,0,sales,medium0.86,0.64,4,263,3,0,0,0,sales,medium0.86,0.59,4,165,3,0,0,0,sales,medium0.16,0.76,6,218,6,0,0,0,sales,medium0.43,0.46,2,239,3,1,0,0,sales,medium0.79,0.63,3,212,2,1,0,0,sales,medium0.51,0.67,4,133,3,0,0,0,sales,medium0.83,0.55,5,250,3,1,0,0,sales,medium0.61,0.45,3,114,3,0,0,0,sales,high0.65,0.57,3,168,2,0,0,0,sales,high0.95,0.83,4,252,2,0,0,0,sales,high0.63,0.64,5,189,4,0,0,0,sales,high0.72,0.6,3,265,2,1,0,0,sales,high0.8,0.57,3,176,3,0,0,0,sales,high0.7,0.57,4,150,4,0,0,0,sales,high0.45,0.79,5,97,6,1,0,0,accounting,high0.64,0.85,4,265,2,0,0,0,accounting,low0.94,0.48,4,260,4,0,0,0,accounting,low0.57,0.76,4,164,2,0,0,0,hr,low0.35,0.56,4,142,2,0,0,0,hr,low0.75,0.81,2,247,4,0,0,0,hr,low0.7,0.92,5,182,3,0,0,0,hr,low0.7,0.47,2,238,3,0,0,0,technical,low0.61,0.62,3,191,3,0,0,0,technical,low0.78,0.87,4,178,3,0,0,0,technical,medium0.97,0.77,4,208,2,0,0,0,technical,medium0.51,0.76,3,256,2,0,0,0,technical,medium0.56,0.71,5,243,3,0,0,0,technical,medium0.87,0.55,3,233,3,0,0,0,technical,medium0.64,0.78,5,200,3,0,0,0,technical,medium0.6,0.85,2,226,2,1,0,0,technical,medium0.9,0.76,2,150,2,0,0,0,technical,medium0.54,0.62,2,141,2,0,0,0,technical,medium0.23,0.8,5,139,3,0,0,0,support,medium0.8,0.81,3,199,4,1,0,0,support,medium0.23,0.78,4,154,6,1,0,0,support,medium0.81,0.51,3,247,2,0,0,0,support,medium0.35,0.6,5,239,5,0,0,0,support,medium0.67,0.8,4,137,2,0,0,0,support,medium0.46,0.6,4,119,5,0,0,0,support,medium0.84,0.98,4,134,5,1,0,0,support,medium0.92,0.79,3,243,4,0,0,0,support,medium0.75,0.93,5,210,3,0,0,0,support,medium0.7,0.57,4,265,2,0,0,0,support,medium0.7,0.75,4,204,3,0,0,0,technical,medium0.9,0.81,6,273,5,0,0,0,technical,medium0.8,1,3,177,2,0,0,0,technical,medium0.5,0.65,5,285,6,0,0,0,management,high0.84,0.72,4,222,2,0,0,0,IT,low0.48,0.94,3,185,2,1,0,0,IT,medium0.98,0.87,5,151,6,0,0,0,IT,medium0.64,0.96,3,109,4,0,0,0,IT,medium0.58,0.53,4,192,4,0,0,0,IT,medium0.66,0.89,4,139,3,0,0,0,product_mng,medium0.76,0.98,4,191,2,0,0,0,product_mng,medium0.32,0.42,6,114,3,0,0,0,product_mng,medium0.49,0.87,3,212,2,0,0,0,product_mng,medium0.81,0.51,3,162,2,0,0,0,IT,medium0.42,0.48,5,191,5,0,0,0,RandD,medium0.17,0.85,3,234,3,0,0,0,RandD,low0.49,0.59,4,265,3,0,0,0,RandD,low0.34,0.69,6,283,2,0,0,0,RandD,low0.86,0.81,3,232,4,0,0,0,RandD,low0.51,0.71,4,208,3,1,0,0,marketing,low0.49,0.99,4,258,3,1,0,0,sales,low0.49,0.63,3,175,2,0,0,0,accounting,low0.51,0.59,3,238,3,0,0,0,support,high0.64,0.52,3,166,3,0,0,0,technical,low0.62,0.85,4,225,2,0,0,0,management,high0.81,0.52,4,221,6,0,0,0,marketing,high0.95,0.57,2,263,3,0,0,0,marketing,low0.88,0.66,4,218,4,1,0,0,marketing,low0.87,0.68,5,236,4,0,0,0,sales,high0.73,0.68,5,133,2,0,0,0,sales,low0.98,0.73,2,237,3,0,0,0,sales,medium0.77,0.48,3,204,6,0,0,0,sales,high0.76,0.99,3,166,3,0,0,0,sales,medium0.21,0.93,4,189,2,1,0,0,sales,medium0.72,0.63,4,251,3,0,0,0,sales,medium0.41,0.56,2,121,2,0,0,0,sales,medium0.9,0.56,3,149,2,0,0,0,sales,high0.96,0.9,5,198,2,0,0,0,sales,medium0.61,0.48,4,163,3,0,0,0,sales,medium0.6,0.8,4,222,2,0,0,0,sales,medium0.5,0.76,2,107,4,0,0,0,sales,high0.79,0.61,4,162,2,0,0,0,sales,medium0.32,0.69,6,192,3,0,0,0,sales,high0.85,0.59,5,236,3,0,0,0,sales,low0.9,0.62,5,225,2,0,0,0,sales,medium0.74,0.54,4,167,2,0,0,0,sales,medium0.21,0.76,6,219,4,1,0,0,sales,medium0.91,0.61,3,255,3,0,0,0,accounting,medium0.9,0.66,5,137,2,0,0,0,accounting,low0.74,0.99,4,193,3,0,0,0,accounting,low0.76,0.75,3,239,2,0,0,0,hr,low0.45,0.61,5,179,5,0,0,0,hr,low0.73,0.63,3,205,2,1,0,0,hr,low0.6,0.73,3,140,5,1,0,0,hr,low0.8,0.77,5,256,2,0,0,0,technical,low0.53,0.7,4,243,3,0,0,0,technical,low0.97,0.63,5,163,3,0,0,0,technical,low0.64,0.99,3,167,2,0,0,0,technical,low0.92,0.59,4,190,5,0,0,0,technical,high0.6,0.57,5,145,3,1,0,0,technical,low1,0.6,4,265,4,0,0,0,technical,low0.69,0.63,4,272,2,0,0,0,technical,low0.53,0.45,5,140,5,0,0,0,technical,low0.63,0.58,4,236,2,0,0,0,technical,high0.57,0.89,4,255,3,1,0,0,technical,low0.79,0.45,5,131,6,0,0,0,support,low0.68,0.92,4,209,6,0,0,0,support,low0.56,0.61,3,250,2,0,0,0,support,high0.48,0.51,3,201,2,1,0,0,support,low0.59,0.67,4,271,2,0,0,0,support,medium0.34,0.76,6,237,5,0,0,0,support,high0.98,0.87,3,239,4,0,0,0,support,medium0.36,0.45,2,135,3,1,0,0,support,high0.6,0.58,2,182,2,0,0,0,support,medium0.24,0.54,6,193,4,0,0,0,support,medium0.67,0.72,4,192,3,1,0,0,support,medium0.17,0.6,5,144,6,0,0,0,technical,medium0.57,0.58,3,251,3,0,0,0,technical,medium0.7,0.85,3,161,2,0,0,0,technical,medium0.73,0.62,3,171,3,0,0,0,management,medium0.61,0.86,4,153,5,0,0,0,IT,medium0.95,0.96,4,161,2,0,0,0,IT,high0.85,0.55,3,226,4,0,0,0,IT,low0.72,0.9,3,193,3,0,0,0,IT,medium0.84,0.66,4,204,3,0,0,0,IT,medium0.57,0.47,2,158,2,0,0,0,product_mng,medium0.69,0.69,3,236,4,0,0,0,product_mng,medium0.57,0.68,4,191,3,0,0,0,product_mng,medium0.52,0.59,6,104,4,0,0,0,product_mng,medium0.56,0.55,3,245,2,0,0,0,IT,medium0.75,0.74,3,186,3,1,0,0,RandD,medium0.98,0.75,5,168,4,1,0,0,RandD,medium0.48,0.55,4,262,3,1,0,0,RandD,high0.35,0.67,2,116,3,0,0,0,RandD,low0.66,0.93,4,187,2,0,0,0,RandD,low0.79,0.9,5,184,3,0,0,0,marketing,low0.86,0.53,4,155,3,0,0,0,marketing,high0.88,1,5,190,2,0,0,0,sales,low0.83,0.64,3,242,3,0,0,0,accounting,low0.8,0.64,5,204,2,0,0,0,support,low0.64,0.69,4,232,3,0,0,0,technical,high0.72,0.59,4,245,2,0,0,0,management,low0.67,0.61,3,251,2,0,0,0,marketing,low0.75,0.7,4,179,2,0,0,0,marketing,low0.65,0.95,4,153,2,0,0,0,marketing,low0.98,0.98,5,210,6,0,0,0,sales,low0.68,0.8,2,257,2,1,0,0,sales,low0.52,0.37,3,137,4,0,0,0,sales,low0.68,0.93,4,179,2,0,0,0,sales,medium0.92,0.74,4,213,3,0,0,0,sales,medium0.86,0.79,3,106,6,1,0,0,sales,medium0.5,0.99,4,272,2,0,0,0,sales,medium0.35,0.37,4,153,2,0,0,0,sales,medium0.76,0.97,5,172,3,0,0,0,sales,medium0.66,0.95,4,224,2,0,0,0,sales,medium0.58,0.71,3,230,3,1,0,0,sales,medium0.55,0.97,4,222,4,0,0,0,sales,medium0.9,0.53,3,270,3,0,0,0,sales,medium0.75,0.71,4,205,3,0,0,0,sales,medium0.9,0.63,4,134,3,1,0,0,sales,medium0.14,0.54,5,275,4,1,0,0,sales,high0.86,0.57,4,183,3,0,0,0,sales,low0.56,0.84,4,143,4,0,0,0,sales,medium0.54,0.63,5,259,2,0,0,0,sales,medium0.36,0.8,5,186,4,0,0,0,accounting,medium0.82,0.59,3,155,3,0,0,0,accounting,medium0.49,0.42,2,266,3,0,0,0,accounting,low0.77,0.97,3,215,2,0,0,0,hr,low0.64,0.83,4,179,3,0,0,0,hr,low0.93,0.53,3,217,3,0,0,0,hr,low0.96,0.94,5,235,3,0,0,0,hr,low0.6,0.97,3,164,2,0,0,0,technical,low0.58,0.55,3,178,5,0,0,0,technical,low0.52,0.49,5,170,3,0,0,0,technical,low0.74,0.79,5,241,3,0,0,0,technical,low0.64,0.99,4,222,2,0,0,0,technical,low0.93,0.59,3,233,3,0,0,0,technical,low0.76,0.49,5,243,3,0,0,0,technical,low0.5,0.54,4,175,2,0,0,0,technical,low0.79,0.55,4,266,3,0,0,0,technical,low0.97,0.95,5,201,2,0,0,0,technical,low0.6,0.49,5,259,4,0,0,0,technical,low0.84,0.73,5,105,5,0,0,0,support,low0.75,0.99,5,189,3,0,0,0,support,low0.24,0.91,4,232,2,0,0,0,support,low0.24,0.91,5,258,6,0,0,0,support,low0.51,0.58,5,173,3,0,0,0,support,low0.5,0.88,4,147,3,0,0,0,support,medium0.66,0.36,3,256,6,0,0,0,support,medium0.97,0.77,3,206,4,0,0,0,support,medium0.61,0.5,4,175,3,0,0,0,support,medium0.77,0.49,4,274,2,1,0,0,support,medium0.74,0.64,3,229,3,0,0,0,support,medium0.92,0.98,4,161,3,0,0,0,technical,medium0.78,0.99,2,188,2,0,0,0,technical,medium0.56,0.57,3,205,3,0,0,0,technical,medium0.82,0.63,3,246,3,0,0,0,management,medium0.26,0.98,5,161,5,0,0,0,IT,medium0.69,0.85,5,246,3,0,0,0,IT,medium0.78,0.83,4,158,3,0,0,0,IT,high0.67,0.86,3,175,3,0,0,0,IT,low0.77,0.91,5,268,3,1,0,0,IT,medium0.8,0.63,4,211,2,0,0,0,product_mng,medium0.51,0.51,3,274,2,0,0,0,product_mng,medium0.77,0.52,4,241,3,0,0,0,product_mng,medium0.65,0.71,3,170,2,0,0,0,product_mng,low0.58,0.53,3,287,5,0,0,0,IT,low0.67,0.39,2,235,6,0,0,0,RandD,low0.33,0.39,3,98,3,1,0,0,RandD,low0.78,0.66,6,105,5,1,0,0,RandD,low0.58,0.83,3,226,3,0,0,0,RandD,low0.63,0.59,4,171,4,0,0,0,RandD,low0.63,0.51,4,153,4,0,0,0,RandD,low0.59,0.55,3,183,4,0,0,0,marketing,low0.6,0.9,5,139,3,0,0,0,sales,low0.93,0.9,5,210,3,0,0,0,accounting,low0.78,0.77,2,177,4,0,0,0,support,low0.65,0.6,3,148,2,0,0,0,technical,low1,0.61,4,198,2,0,0,0,management,low0.96,1,3,137,4,1,0,0,marketing,low0.54,0.97,5,233,3,1,0,0,marketing,low0.98,0.69,2,204,4,0,0,0,marketing,low0.34,0.59,2,164,2,0,0,0,sales,low0.71,0.53,5,162,2,0,0,0,sales,low0.64,0.64,3,180,2,1,0,0,sales,low0.71,0.93,2,199,2,0,0,0,sales,low0.58,0.63,4,190,2,0,0,0,sales,medium0.87,0.96,4,151,3,1,0,0,sales,medium0.58,0.85,4,162,3,0,0,0,sales,medium0.87,0.67,3,139,2,0,0,0,sales,medium0.72,0.86,3,231,3,1,0,0,sales,medium0.67,0.83,5,269,2,0,0,0,sales,medium0.53,0.97,4,249,3,0,0,0,sales,medium0.78,0.61,3,148,2,0,0,0,sales,medium0.19,0.63,4,233,5,0,0,0,sales,medium1,0.88,4,240,4,0,0,0,sales,medium0.75,0.75,5,229,2,1,0,0,sales,medium0.29,0.66,3,256,2,1,0,0,sales,medium0.37,0.7,2,188,2,0,0,0,sales,high0.78,0.5,3,167,2,0,0,0,sales,low0.24,0.64,5,190,4,0,0,0,sales,medium0.49,0.7,4,168,3,0,0,0,accounting,medium0.18,0.64,6,154,5,0,0,0,accounting,medium0.76,0.85,4,135,3,0,0,0,accounting,medium0.5,0.97,4,217,3,0,0,0,hr,low0.82,0.94,3,253,2,0,0,0,hr,low0.97,0.94,3,180,3,0,0,0,hr,low0.72,0.9,4,225,2,0,0,0,hr,low0.98,0.64,4,134,3,1,0,0,technical,low0.76,0.73,3,192,2,0,0,0,technical,low0.72,0.88,3,224,3,0,0,0,technical,low0.96,0.91,3,260,5,0,0,0,technical,low0.62,0.78,3,178,3,1,0,0,technical,low0.25,0.98,4,166,5,1,0,0,technical,low0.82,0.56,5,180,3,0,0,0,technical,low0.59,0.9,3,189,2,0,0,0,technical,low0.94,0.73,3,154,3,0,0,0,technical,low0.72,0.88,3,236,3,0,0,0,technical,low0.53,0.78,5,198,3,0,0,0,technical,low0.67,0.83,3,148,3,0,0,0,support,low0.99,0.52,4,205,2,0,0,0,support,low0.64,0.53,4,133,3,0,0,0,support,low0.61,0.57,4,160,3,1,0,0,support,low0.89,0.85,4,201,2,1,0,0,support,low0.61,0.7,5,157,4,0,0,0,support,low0.9,0.74,3,260,2,0,0,0,support,medium0.96,0.51,5,152,3,0,0,0,support,medium0.62,0.55,4,218,3,0,0,0,support,medium0.89,0.57,3,252,2,0,0,0,support,medium0.52,0.67,4,216,3,0,0,0,support,medium0.66,0.99,3,183,2,0,0,0,technical,medium0.96,0.6,5,269,2,0,0,0,technical,medium0.95,0.89,5,132,4,0,0,0,technical,medium0.75,0.98,4,170,4,0,0,0,management,medium0.39,0.87,5,257,5,1,0,0,IT,medium0.93,0.69,3,138,2,0,0,0,IT,medium0.44,0.54,3,115,3,0,0,0,IT,medium0.9,0.67,3,165,2,0,0,0,IT,high0.75,0.81,3,214,3,0,0,0,IT,low0.45,0.75,2,246,2,0,0,0,product_mng,medium0.42,0.6,2,188,3,0,0,0,product_mng,medium0.99,0.82,3,255,2,0,0,0,product_mng,medium0.89,0.91,4,190,2,0,0,0,product_mng,medium0.96,0.9,4,164,4,0,0,0,IT,low0.5,0.46,3,165,3,0,0,0,RandD,low0.59,0.59,3,141,3,0,0,0,RandD,low0.57,0.69,3,154,2,0,0,0,RandD,low1,0.87,3,165,2,0,0,0,RandD,low0.6,0.59,5,266,2,0,0,0,RandD,low0.21,0.85,6,235,6,0,0,0,RandD,low0.63,0.83,4,159,2,0,0,0,marketing,low0.8,0.82,3,218,3,0,0,0,sales,low0.51,0.96,3,149,4,0,0,0,accounting,low0.89,0.96,5,239,3,0,0,0,support,low0.83,0.58,4,225,3,0,0,0,technical,low0.77,0.74,6,247,3,0,0,0,management,low0.79,0.99,4,183,2,0,0,0,marketing,low0.63,0.85,5,214,2,0,0,0,marketing,low0.68,0.48,5,113,2,0,0,0,marketing,low0.74,0.69,4,244,2,0,0,0,sales,low0.49,0.67,6,286,4,0,0,0,sales,low0.46,0.55,3,139,2,0,0,0,sales,medium0.9,0.91,5,176,3,0,0,0,sales,medium0.7,0.67,5,136,3,0,0,0,sales,medium0.84,0.71,4,222,2,0,0,0,sales,medium0.89,0.77,4,269,4,0,0,0,sales,medium0.59,0.87,4,183,2,0,0,0,sales,medium0.57,0.72,3,206,3,0,0,0,sales,medium0.53,0.49,3,158,3,0,0,0,sales,medium0.83,0.89,4,136,3,0,0,0,sales,medium0.51,0.66,4,182,2,0,0,0,sales,medium0.78,0.61,4,268,3,0,0,0,sales,medium0.52,0.69,3,144,3,0,0,0,sales,medium0.42,0.5,5,286,4,0,0,0,sales,high0.61,0.38,2,268,3,0,0,0,sales,low0.85,1,3,255,3,0,0,0,sales,medium0.17,0.85,6,245,5,0,0,0,sales,medium0.79,0.52,3,134,2,1,0,0,sales,medium0.56,0.98,3,251,3,1,0,0,accounting,medium0.5,0.73,5,165,2,0,0,0,accounting,low0.51,0.53,3,223,2,1,0,0,accounting,low0.77,0.67,4,225,4,0,0,0,hr,low0.84,0.9,3,196,3,1,0,0,hr,low0.21,0.49,3,253,3,0,0,0,hr,low0.65,0.57,5,222,3,0,0,0,hr,low0.95,0.87,4,135,3,0,0,0,technical,low0.8,0.75,4,217,2,0,0,0,technical,low0.77,0.85,5,192,2,0,0,0,technical,low0.57,0.7,3,172,3,0,0,0,technical,low0.92,0.55,4,183,3,0,0,0,technical,low1,0.71,5,186,2,0,0,0,technical,low0.85,0.67,4,163,3,0,0,0,technical,low0.57,0.8,4,262,3,0,0,0,technical,low0.66,0.68,3,202,3,0,0,0,technical,low0.85,0.8,4,248,3,0,0,0,technical,low0.99,0.5,5,214,2,0,0,0,technical,low0.91,0.82,4,260,4,0,0,0,support,low0.96,0.97,4,260,3,0,0,0,support,low0.49,0.52,4,251,2,0,0,0,support,low0.39,0.85,5,179,5,0,0,0,support,low0.87,0.74,4,178,2,1,0,0,support,medium0.19,0.85,6,210,4,0,0,0,support,medium0.9,0.83,3,273,4,0,0,0,support,medium0.5,0.5,5,166,2,0,0,0,support,medium0.7,0.9,5,246,2,0,0,0,support,medium0.52,0.55,5,192,3,0,0,0,support,medium0.71,0.69,3,274,3,0,0,0,support,medium0.4,0.41,3,232,3,0,0,0,technical,medium0.96,0.53,3,158,4,0,0,0,technical,medium0.86,0.92,5,137,3,0,0,0,technical,medium0.68,0.85,3,209,2,0,0,0,management,medium0.56,0.64,3,206,2,0,0,0,IT,medium0.65,0.56,3,230,2,0,0,0,IT,high0.98,0.61,5,239,3,0,0,0,IT,low0.18,0.51,5,159,6,0,0,0,IT,medium0.66,0.65,4,244,2,0,0,0,IT,medium0.14,0.51,5,259,5,0,0,0,product_mng,medium0.94,0.8,5,245,3,1,0,0,product_mng,medium0.56,1,3,141,2,1,0,0,product_mng,low0.56,0.8,5,202,4,0,0,0,product_mng,low0.59,0.89,5,143,3,1,0,0,IT,low0.63,0.62,4,286,5,1,0,0,RandD,low0.97,0.88,5,173,3,0,0,0,RandD,low0.76,0.7,5,195,3,0,0,0,RandD,low0.85,0.58,4,167,4,0,0,0,RandD,low0.23,0.73,5,197,4,1,0,0,RandD,low0.68,0.62,3,255,5,0,0,0,RandD,low0.71,0.73,3,274,3,0,0,0,marketing,low0.5,0.59,3,192,2,0,0,0,sales,low0.61,0.7,3,225,3,0,0,0,accounting,low0.99,0.65,3,209,2,1,0,0,support,low0.97,0.86,5,222,3,0,0,0,technical,low0.82,0.71,5,208,2,0,0,0,management,low0.72,0.68,5,162,5,0,0,0,marketing,low0.53,0.74,3,135,2,0,0,0,marketing,low0.55,0.87,4,200,3,0,0,0,marketing,low0.52,0.53,4,159,4,0,0,0,sales,low0.8,0.81,5,156,2,0,0,0,sales,low0.51,0.95,4,169,3,1,0,0,sales,low0.66,0.65,4,154,3,0,0,0,sales,medium0.56,0.43,2,169,3,0,0,0,sales,medium0.5,0.84,3,233,3,1,0,0,sales,medium0.94,0.78,3,218,2,1,0,0,sales,medium0.42,0.8,4,279,6,0,0,0,sales,medium0.6,0.61,3,195,3,0,0,0,sales,medium0.55,0.71,4,223,3,0,0,0,sales,medium0.76,0.72,3,275,4,1,0,0,sales,medium0.84,0.74,3,234,3,1,0,0,sales,medium0.33,0.62,4,113,6,0,0,0,sales,medium0.61,0.95,3,133,5,0,0,0,sales,medium0.91,0.93,5,158,4,0,0,0,sales,medium0.73,0.74,4,214,3,0,0,0,sales,high0.87,0.67,4,272,4,0,0,0,sales,low0.38,0.42,2,127,4,0,0,0,sales,medium0.8,0.51,4,141,3,1,0,0,sales,medium0.69,0.8,5,263,3,1,0,0,accounting,medium0.99,0.92,5,174,5,0,0,0,accounting,medium0.92,0.76,5,246,2,1,0,0,accounting,low0.6,0.88,3,201,2,0,0,0,hr,low0.89,0.93,3,181,3,0,0,0,hr,low0.91,0.93,3,238,2,0,0,0,hr,low0.35,0.52,3,167,2,0,0,0,hr,low0.88,0.68,5,224,2,0,0,0,technical,low0.66,0.69,3,182,3,1,0,0,technical,low0.21,0.55,4,189,2,0,0,0,technical,low0.78,0.64,3,169,2,1,0,0,technical,medium0.21,0.96,4,287,5,0,0,0,technical,medium0.64,0.94,3,150,2,0,0,0,technical,medium0.68,0.95,4,146,2,0,0,0,technical,medium0.99,0.87,4,162,4,0,0,0,technical,medium0.85,0.55,4,158,5,0,0,0,technical,medium0.86,0.51,3,185,2,0,0,0,technical,medium0.89,0.98,3,214,3,0,0,0,technical,medium0.49,0.85,4,200,3,0,0,0,support,medium0.76,0.97,4,219,2,0,0,0,support,medium0.79,0.87,3,218,3,0,0,0,support,medium0.89,0.64,4,237,2,0,0,0,support,medium0.34,0.51,3,105,3,0,0,0,support,medium0.81,0.92,3,251,3,1,0,0,support,medium0.96,0.7,3,227,2,0,0,0,support,medium0.7,0.87,3,158,2,0,0,0,support,medium0.92,0.61,4,252,2,0,0,0,support,medium0.5,0.76,4,198,3,0,0,0,support,medium0.75,0.72,2,192,3,0,0,0,support,medium0.42,0.38,2,139,4,0,0,0,technical,medium0.29,0.4,6,205,3,0,0,0,technical,medium0.91,0.48,3,224,3,0,0,0,technical,medium0.55,0.97,4,267,4,0,0,0,management,medium0.57,0.81,4,200,3,1,0,0,IT,medium0.27,0.48,3,97,6,0,0,0,IT,medium0.7,0.43,6,253,3,0,0,0,IT,high0.63,0.68,4,191,2,0,0,0,IT,high0.97,0.63,5,199,2,1,0,0,IT,high0.28,0.52,3,127,4,0,0,0,product_mng,high0.7,0.6,3,187,2,0,0,0,product_mng,high0.83,0.51,4,215,3,0,0,0,product_mng,high0.22,0.76,4,176,6,1,0,0,product_mng,high0.55,0.47,3,194,2,0,0,0,IT,high0.33,0.77,3,216,3,0,0,0,RandD,high0.5,0.78,4,185,3,0,0,0,RandD,high0.93,0.88,5,140,3,0,0,0,RandD,high0.77,0.66,3,260,4,0,0,0,RandD,high0.93,0.97,5,137,4,0,0,0,RandD,low0.72,1,4,151,2,0,0,0,RandD,low0.78,0.53,3,152,2,0,0,0,marketing,low0.55,0.75,4,166,2,0,0,0,sales,low0.39,0.86,3,261,2,0,0,0,accounting,low0.67,0.78,3,235,3,0,0,0,support,low0.61,0.89,3,201,2,0,0,0,technical,low0.6,0.69,6,250,5,1,0,0,management,low0.48,0.64,4,146,2,0,0,0,marketing,low0.75,0.84,4,195,3,0,0,0,marketing,low0.87,0.58,4,259,3,0,0,0,marketing,low0.51,0.54,4,166,4,1,0,0,sales,low0.63,0.9,4,188,4,1,0,0,sales,low0.6,0.57,3,203,2,0,0,0,sales,low0.7,0.99,3,167,3,0,0,0,sales,low0.5,0.99,2,258,3,1,0,0,sales,medium0.59,0.51,2,126,3,0,0,0,sales,medium0.52,0.39,6,246,4,0,0,0,sales,medium0.55,0.49,3,205,3,0,0,0,sales,medium0.81,0.62,5,201,3,1,0,0,sales,medium0.94,0.98,4,197,3,0,0,0,sales,medium0.98,0.61,3,272,3,0,0,0,sales,medium0.83,0.84,4,206,2,0,0,0,sales,medium0.93,0.62,3,184,3,0,0,0,sales,medium0.99,0.54,3,199,2,0,0,0,sales,medium0.55,0.57,4,220,3,0,0,0,sales,medium0.96,0.83,3,233,3,0,0,0,sales,medium0.28,0.77,3,221,3,0,0,0,sales,high0.97,0.6,6,168,5,1,0,0,sales,high0.8,0.78,3,251,3,0,0,0,sales,high0.75,0.55,2,188,3,0,0,0,accounting,high0.89,0.88,3,203,3,0,0,0,accounting,high0.6,0.76,5,168,2,1,0,0,accounting,high0.73,0.98,3,227,2,1,0,0,hr,high0.88,0.75,4,159,2,0,0,0,hr,high0.5,0.7,3,159,3,0,0,0,hr,low0.53,0.78,5,275,5,0,0,0,hr,low0.95,0.43,6,283,2,0,0,0,technical,low0.94,0.53,5,169,3,0,0,0,technical,low0.49,0.8,3,227,4,1,0,0,technical,low0.59,0.57,3,147,4,0,0,0,technical,low0.51,0.91,3,227,2,0,0,0,technical,low0.66,0.66,4,166,3,0,0,0,technical,low0.76,0.94,4,168,6,0,0,0,technical,medium0.12,0.59,3,229,6,0,0,0,technical,medium0.84,0.65,3,134,3,0,0,0,technical,medium0.94,0.81,3,196,3,0,0,0,technical,medium0.63,0.84,4,181,3,0,0,0,technical,medium0.79,0.99,4,177,3,1,0,0,support,medium0.85,0.68,3,272,2,1,0,0,support,medium0.74,0.52,3,213,3,0,0,0,support,medium0.23,0.75,6,220,3,0,0,0,support,medium0.62,0.51,4,274,2,0,0,0,support,medium0.36,0.56,6,242,6,0,0,0,support,medium0.7,0.83,4,182,3,0,0,0,support,medium0.57,0.75,5,172,4,0,0,0,support,medium0.83,0.99,3,226,3,0,0,0,support,medium0.71,0.96,3,132,2,0,0,0,support,medium0.23,0.72,6,121,3,0,0,0,support,medium0.59,0.69,4,207,2,0,0,0,technical,medium0.69,0.61,2,141,3,0,0,0,technical,medium0.63,0.81,5,189,3,0,0,0,technical,medium0.9,0.59,6,269,4,1,0,0,management,medium0.31,0.57,4,200,4,0,0,0,IT,medium0.92,0.62,3,199,2,0,0,0,IT,medium0.96,0.87,4,213,3,0,0,0,IT,medium0.66,0.51,6,105,4,0,0,0,IT,high0.48,0.97,4,141,2,0,0,0,IT,low0.15,0.55,3,255,3,1,0,0,product_mng,medium0.59,0.79,3,217,4,0,0,0,product_mng,medium0.66,0.85,6,165,5,0,0,0,product_mng,medium0.69,0.92,5,220,2,0,0,0,product_mng,medium0.65,0.79,4,241,4,0,0,0,IT,medium0.58,0.94,5,274,3,0,0,0,RandD,medium0.72,0.57,4,224,4,0,0,0,RandD,medium0.65,0.99,5,240,5,0,0,0,RandD,medium0.63,0.77,5,210,3,0,0,0,RandD,medium0.55,0.87,3,215,2,0,0,0,RandD,medium0.74,0.56,4,254,2,0,0,0,marketing,low0.58,0.84,4,150,4,1,0,0,sales,low0.71,0.72,4,177,3,0,0,0,accounting,low0.83,0.37,5,101,4,1,0,0,support,low0.63,0.52,3,183,2,0,0,0,technical,low0.56,0.61,3,224,3,0,0,0,management,low0.88,0.55,3,263,3,0,0,0,marketing,low0.82,0.55,3,207,2,0,0,0,marketing,high0.69,0.72,3,243,3,0,0,0,marketing,low0.57,0.54,3,157,4,1,0,0,sales,high0.75,0.69,3,242,3,0,0,0,sales,high0.6,0.98,4,265,2,0,0,0,sales,low0.96,0.92,3,196,4,0,0,0,sales,low0.75,0.67,4,135,2,0,0,0,sales,high1,0.61,6,270,3,0,0,0,sales,low0.92,0.97,4,201,2,0,0,0,sales,medium0.84,0.93,5,225,4,0,0,0,sales,high0.82,0.77,4,205,3,0,0,0,sales,medium0.74,0.42,3,131,3,0,0,0,sales,medium0.21,0.39,2,118,4,0,0,0,sales,medium0.62,0.64,5,187,3,0,0,0,sales,medium0.54,0.48,3,275,2,0,0,0,sales,high0.55,0.97,5,125,4,0,0,0,sales,medium0.84,0.55,4,270,3,1,0,0,sales,medium0.61,0.56,2,123,2,0,0,0,sales,medium0.64,0.53,3,281,3,0,0,0,sales,high0.92,0.51,3,223,2,0,0,0,sales,medium0.86,0.87,3,268,2,0,0,0,sales,high0.6,0.74,4,174,3,0,0,0,accounting,low0.86,0.92,3,162,3,1,0,0,accounting,medium0.55,0.51,3,192,3,0,0,0,accounting,medium0.54,0.58,4,178,3,0,0,0,hr,medium0.49,0.9,3,250,2,0,0,0,hr,medium0.98,0.72,3,262,4,0,0,0,hr,low0.55,0.55,5,194,3,1,0,0,hr,low0.64,0.5,3,146,3,0,0,0,technical,low0.54,0.53,4,245,2,0,0,0,technical,low0.58,0.45,3,131,2,0,0,0,technical,low0.57,0.37,3,108,4,0,0,0,technical,low0.65,0.64,5,206,3,0,0,0,technical,low0.6,0.4,3,146,4,1,0,0,technical,low0.59,0.45,2,171,2,0,0,0,technical,low0.77,0.5,4,173,2,1,0,0,technical,low0.55,0.49,5,240,3,0,0,0,technical,high0.5,0.6,4,199,2,0,0,0,technical,low0.43,0.77,3,237,3,1,0,0,technical,low0.58,0.84,3,258,4,0,0,0,support,low0.66,0.68,4,269,3,1,0,0,support,low0.7,0.8,5,245,4,0,0,0,support,high0.82,0.54,4,164,3,0,0,0,support,low0.49,0.49,4,256,3,1,0,0,support,low0.99,0.79,4,213,3,0,0,0,support,low0.96,0.73,3,193,3,1,0,0,support,high0.7,0.57,3,179,2,0,0,0,support,low0.22,0.89,6,278,5,1,0,0,support,medium0.91,0.52,3,256,2,0,0,0,support,high0.18,0.76,5,173,4,0,0,0,support,medium0.84,0.68,4,179,3,0,0,0,technical,high0.66,0.38,4,145,5,0,0,0,technical,medium0.49,0.65,3,168,4,0,0,0,technical,medium0.88,0.89,4,213,3,0,0,0,management,medium0.69,0.91,6,150,5,0,0,0,IT,medium0.83,0.75,3,262,3,0,0,0,IT,medium0.56,0.84,4,149,4,1,0,0,IT,medium0.95,0.77,5,139,2,0,0,0,IT,medium0.56,1,3,272,2,0,0,0,IT,medium0.93,0.73,3,252,4,0,0,0,product_mng,high0.84,0.52,3,232,4,0,0,0,product_mng,low0.84,0.48,3,266,2,0,0,0,product_mng,medium0.52,0.65,4,264,3,0,0,0,product_mng,medium0.98,0.8,4,142,2,0,0,0,IT,medium0.66,0.64,5,208,4,0,0,0,RandD,medium0.92,0.49,5,178,2,1,0,0,RandD,medium0.71,0.8,5,192,3,0,0,0,RandD,medium0.65,0.92,4,242,2,0,0,0,RandD,medium0.23,0.47,4,277,5,0,0,0,RandD,medium0.71,0.97,3,173,2,1,0,0,marketing,medium0.21,0.65,4,276,6,0,0,0,marketing,high0.7,0.72,2,189,3,0,0,0,sales,low0.9,0.5,4,139,2,0,0,0,accounting,low0.6,0.52,5,140,3,0,0,0,support,low0.58,0.63,5,191,3,1,0,0,technical,high0.73,0.72,5,178,2,0,0,0,management,low0.56,0.67,4,184,3,0,0,0,marketing,low0.97,0.57,3,144,3,0,0,0,marketing,low0.92,0.91,3,160,2,0,0,0,marketing,high0.77,0.68,3,225,2,0,0,0,sales,low0.97,0.81,5,266,2,0,0,0,sales,low0.7,0.69,5,154,2,0,0,0,sales,low0.78,0.82,4,142,2,1,0,0,sales,low0.77,0.87,3,207,4,1,0,0,sales,low0.66,0.53,4,162,3,0,0,0,sales,low0.25,0.98,6,287,5,1,0,0,sales,low0.89,0.87,2,270,6,1,0,0,sales,medium0.15,0.66,5,160,4,1,0,0,sales,medium0.26,0.91,6,113,2,0,0,0,sales,medium0.74,0.58,4,178,4,0,0,0,sales,medium0.52,0.83,3,153,2,0,0,0,sales,medium0.95,0.62,4,255,2,0,0,0,sales,medium0.66,0.82,4,257,3,1,0,0,sales,medium0.79,0.66,4,243,3,0,0,0,sales,medium0.98,0.94,3,179,3,0,0,0,sales,medium0.4,0.37,3,123,2,0,0,0,sales,medium1,0.68,3,132,2,0,0,0,sales,medium0.71,0.79,3,134,3,0,0,0,sales,medium0.48,0.45,3,277,2,1,0,0,accounting,high0.76,1,5,265,2,0,0,0,accounting,low0.61,0.62,4,269,4,0,0,0,accounting,medium0.74,0.9,4,156,4,0,0,0,hr,medium0.24,0.94,6,237,5,0,0,0,hr,medium0.79,0.97,3,271,2,0,0,0,hr,medium0.75,0.98,3,206,2,0,0,0,hr,low0.6,0.98,4,192,3,0,0,0,technical,low0.72,0.95,4,230,3,0,0,0,technical,low1,0.6,4,261,3,0,0,0,technical,low0.55,0.88,3,173,3,1,0,0,technical,low0.3,0.98,2,109,4,1,0,0,technical,low0.89,0.59,3,247,4,0,0,0,technical,low0.84,0.84,5,163,3,0,0,0,technical,low0.67,0.64,4,149,4,0,0,0,technical,low0.15,0.48,6,218,6,0,0,0,technical,low0.59,0.75,4,194,2,0,0,0,technical,low0.5,0.59,4,157,2,0,0,0,technical,low0.23,0.68,5,244,3,0,0,0,support,low0.95,0.58,5,169,2,0,0,0,support,low0.31,0.53,2,146,3,1,0,0,support,low0.47,0.55,5,207,3,0,0,0,support,low0.26,0.95,3,195,5,0,0,0,support,low0.55,0.64,6,148,4,0,0,0,support,low0.89,0.58,3,272,2,0,0,0,support,low0.88,0.68,3,185,2,0,0,0,support,low0.98,0.62,5,260,2,1,0,0,support,low0.96,0.48,3,182,2,1,0,0,support,medium0.85,0.65,3,195,3,0,0,0,support,medium0.96,0.85,3,168,3,0,0,0,technical,medium0.85,0.88,3,198,4,1,0,0,technical,medium0.59,0.93,5,172,2,0,0,0,technical,medium0.51,0.5,4,216,2,1,0,0,management,medium0.5,0.75,3,232,2,0,0,0,IT,medium0.53,0.59,3,148,3,0,0,0,IT,medium0.44,0.83,4,210,2,0,0,0,IT,medium0.99,0.55,3,197,2,0,0,0,IT,medium0.73,0.83,4,241,3,0,0,0,IT,medium0.51,0.71,5,154,2,0,0,0,product_mng,medium0.5,0.84,3,259,2,0,0,0,product_mng,high0.52,0.76,4,106,2,1,0,0,product_mng,low0.74,0.74,5,262,2,0,0,0,product_mng,medium0.69,0.89,2,202,2,0,0,0,IT,medium0.22,0.65,5,174,5,1,0,0,RandD,medium0.49,0.89,4,240,2,0,0,0,RandD,medium0.7,0.57,5,247,3,0,0,0,RandD,low0.68,0.63,4,148,3,0,0,0,RandD,low0.66,0.84,5,187,2,1,0,0,RandD,low0.99,0.58,4,183,3,0,0,0,marketing,low0.88,0.59,4,240,2,0,0,0,sales,low0.2,0.54,4,149,3,0,0,0,accounting,low0.56,0.44,2,130,3,0,0,0,support,low0.68,0.85,4,203,2,0,0,0,technical,low0.85,0.6,3,218,3,0,0,0,management,low0.95,0.95,4,204,3,1,0,0,marketing,low0.6,0.77,4,163,3,1,0,0,marketing,low0.61,0.53,4,183,3,0,0,0,marketing,low0.55,0.55,4,211,4,0,0,0,sales,low0.64,0.78,5,156,5,1,0,0,sales,low0.64,0.6,3,196,3,0,0,0,sales,low0.87,0.54,4,162,2,0,0,0,sales,low0.2,0.9,3,218,4,0,0,0,sales,low0.99,0.64,4,135,2,1,0,0,sales,low0.96,0.7,2,273,3,0,0,0,sales,low0.53,0.65,3,241,3,0,0,0,sales,low0.7,0.39,6,285,4,0,0,0,sales,low0.68,0.61,6,236,3,0,0,0,sales,medium0.96,0.48,4,222,3,0,0,0,sales,medium0.64,0.64,4,242,3,0,0,0,sales,medium0.86,0.65,5,166,3,0,0,0,sales,medium0.87,0.84,3,172,3,0,0,0,sales,medium0.53,0.56,4,249,2,0,0,0,sales,medium0.72,0.98,4,180,2,0,0,0,sales,medium0.83,0.59,4,197,4,0,0,0,sales,medium0.97,0.54,5,185,2,0,0,0,sales,medium0.92,0.76,3,171,2,0,0,0,sales,medium0.82,0.95,6,191,6,0,0,0,accounting,medium0.59,0.56,4,250,2,0,0,0,accounting,medium0.84,0.95,5,199,3,0,0,0,accounting,high0.71,0.84,3,139,2,0,0,0,hr,low0.49,0.98,3,224,3,0,0,0,hr,medium0.78,0.61,3,227,3,0,0,0,hr,medium0.84,0.81,4,198,2,0,0,0,hr,medium0.85,0.96,5,165,5,0,0,0,technical,medium0.87,0.93,4,199,3,0,0,0,technical,low0.94,0.84,5,203,3,0,0,0,technical,low0.82,0.97,4,243,3,1,0,0,technical,low0.78,0.78,3,135,3,0,0,0,technical,low0.47,0.55,4,100,4,1,0,0,technical,low0.5,0.48,2,150,3,1,0,0,technical,low0.75,0.82,4,252,3,0,0,0,technical,low0.36,0.39,3,98,3,0,0,0,technical,low0.91,0.61,3,262,3,0,0,0,technical,low0.87,0.68,3,257,3,0,0,0,technical,low0.97,0.94,3,160,3,0,0,0,support,low0.71,0.65,3,190,3,0,0,0,support,low0.83,0.65,3,231,2,0,0,0,support,low0.42,0.51,3,190,4,0,0,0,support,low0.53,0.51,4,181,3,0,0,0,support,low0.56,0.88,4,273,3,0,0,0,support,low0.26,0.7,5,214,6,1,0,0,support,low0.53,0.49,4,192,2,0,0,0,support,low0.99,0.73,4,224,2,0,0,0,support,low0.48,0.43,3,96,3,0,0,0,support,low0.91,0.5,3,276,4,0,0,0,support,low0.76,0.79,3,162,2,1,0,0,technical,medium0.67,0.8,4,190,4,0,0,0,technical,medium0.58,0.6,4,147,3,0,0,0,technical,medium0.57,0.78,4,143,3,0,0,0,management,medium0.55,0.57,5,280,6,1,0,0,IT,medium0.79,0.49,3,137,2,0,0,0,IT,medium0.48,0.98,3,259,6,0,0,0,IT,medium0.68,0.69,4,176,3,1,0,0,IT,medium0.19,0.64,5,231,4,1,0,0,IT,medium0.99,0.48,3,104,3,0,0,0,product_mng,medium0.3,0.76,5,224,2,0,0,0,product_mng,medium0.81,0.85,4,202,3,1,0,0,product_mng,medium0.58,0.74,4,180,3,0,0,0,product_mng,high0.74,0.61,3,228,2,1,0,0,IT,low0.59,0.74,5,165,2,0,0,0,RandD,medium0.46,0.63,2,177,6,0,0,0,RandD,medium0.58,0.43,3,194,2,1,0,0,RandD,medium0.77,0.95,3,192,4,1,0,0,RandD,medium0.79,0.77,4,171,2,0,0,0,RandD,low0.51,0.95,3,187,2,0,0,0,marketing,low0.7,0.58,3,205,3,0,0,0,sales,low0.84,0.73,5,230,4,1,0,0,accounting,low0.19,0.9,5,172,2,0,0,0,support,low0.9,0.52,4,167,3,1,0,0,technical,low0.19,0.91,5,145,3,0,0,0,management,low0.96,0.53,3,166,3,0,0,0,marketing,low0.87,1,3,148,3,0,0,0,marketing,low0.5,0.89,5,223,3,0,0,0,marketing,low0.88,0.58,2,123,4,0,0,0,sales,low0.55,0.99,3,158,3,0,0,0,sales,low0.89,0.86,3,223,2,0,0,0,sales,low0.58,0.69,3,252,3,0,0,0,sales,low0.58,0.96,5,143,2,0,0,0,sales,low0.34,0.88,5,131,6,0,0,0,sales,low0.54,0.65,5,206,4,1,0,0,sales,low0.59,0.54,4,210,3,0,0,0,sales,low0.88,0.96,4,262,3,0,0,0,sales,medium0.72,0.69,4,147,3,0,0,0,sales,medium0.79,0.75,4,259,3,0,0,0,sales,medium0.51,0.73,4,174,3,0,0,0,sales,medium0.84,0.84,3,150,4,0,0,0,sales,medium0.95,0.67,4,219,2,0,0,0,sales,medium0.58,0.88,5,178,4,0,0,0,sales,medium0.69,0.98,3,269,3,1,0,0,sales,medium0.17,0.64,6,205,5,1,0,0,sales,medium0.81,0.72,3,232,3,1,0,0,sales,medium0.41,0.5,3,193,3,0,0,0,sales,medium0.12,0.42,3,110,2,0,0,0,accounting,medium0.71,0.6,4,208,3,0,0,0,accounting,high0.32,0.69,5,157,4,0,0,0,accounting,low0.83,0.98,5,187,4,0,0,0,hr,medium0.74,0.92,4,226,3,0,0,0,hr,medium0.67,0.85,4,266,3,0,0,0,hr,medium0.85,0.56,3,159,3,0,0,0,hr,medium0.49,0.75,4,259,3,1,0,0,technical,low0.7,0.74,4,150,3,1,0,0,technical,low0.44,0.58,4,152,3,0,0,0,technical,low0.5,0.87,5,245,2,0,0,0,technical,low0.63,0.74,5,227,2,0,0,0,technical,low0.87,0.77,4,261,3,0,0,0,technical,low0.82,0.53,4,162,3,1,0,0,technical,low0.97,0.89,4,193,3,0,0,0,technical,low0.9,0.81,4,144,2,0,0,0,technical,low0.41,0.5,6,151,2,0,0,0,technical,low0.58,0.94,4,225,2,0,0,0,technical,low0.77,0.5,5,170,2,0,0,0,support,low0.89,0.75,4,246,3,1,0,0,support,low0.64,0.72,4,254,3,0,0,0,support,low0.31,0.79,2,193,4,0,0,0,support,low0.6,0.88,4,175,3,0,0,0,support,low0.2,1,3,123,4,0,0,0,support,low0.13,0.6,3,178,5,0,0,0,support,low0.95,0.9,3,259,2,0,0,0,support,low0.15,0.96,5,201,6,0,0,0,support,low0.22,0.98,4,185,3,0,0,0,support,low0.33,0.51,2,166,3,0,0,0,support,medium0.23,0.96,4,213,4,0,0,0,technical,medium0.85,0.79,4,138,2,0,0,0,technical,medium0.79,0.57,3,168,2,0,0,0,technical,medium0.6,0.6,4,197,3,0,0,0,management,medium0.89,0.74,5,220,3,0,0,0,IT,medium0.65,0.92,3,101,3,1,0,0,IT,medium0.61,0.7,4,175,3,1,0,0,IT,medium0.4,0.79,5,181,5,0,0,0,IT,medium0.49,0.57,3,157,3,0,0,0,IT,medium0.95,0.75,3,247,2,0,0,0,product_mng,medium0.85,1,5,244,2,0,0,0,product_mng,medium0.24,0.39,4,152,5,0,0,0,product_mng,high0.85,0.99,5,176,4,0,0,0,product_mng,low0.99,0.98,5,241,2,0,0,0,IT,medium0.49,0.49,4,240,2,0,0,0,RandD,medium0.56,0.73,3,226,3,0,0,0,RandD,medium0.65,0.66,6,240,4,0,0,0,RandD,medium0.62,0.68,3,253,5,1,0,0,RandD,low0.78,0.68,4,174,3,1,0,0,RandD,low0.54,0.7,3,213,2,0,0,0,marketing,low0.61,0.77,4,195,2,0,0,0,sales,low0.49,0.99,6,230,4,0,0,0,accounting,low0.29,0.85,2,248,6,1,0,0,support,low0.64,0.79,4,274,2,1,0,0,technical,low0.93,0.94,4,217,2,0,0,0,management,low0.16,0.66,6,229,6,0,0,0,marketing,low0.68,0.85,5,173,3,0,0,0,marketing,low0.71,0.8,2,146,4,0,0,0,marketing,low0.62,0.82,5,151,5,0,0,0,sales,low0.74,0.75,2,137,3,1,0,0,sales,low0.81,0.5,3,198,3,0,0,0,sales,low0.2,0.82,4,190,5,0,0,0,sales,low0.51,0.91,4,206,3,0,0,0,sales,low0.55,0.99,4,238,3,0,0,0,sales,low0.45,0.41,3,193,2,1,0,0,sales,low0.91,0.61,4,176,3,0,0,0,sales,low0.73,0.59,6,121,5,0,0,0,sales,low0.98,0.88,4,145,2,0,0,0,sales,low0.62,0.65,4,212,3,1,0,0,sales,medium0.57,0.62,3,198,4,0,0,0,sales,medium0.99,0.57,3,189,4,1,0,0,sales,medium0.82,0.68,2,200,3,0,0,0,sales,medium0.24,0.81,4,217,5,0,0,0,sales,medium0.84,0.73,5,245,3,0,0,0,sales,medium0.9,0.55,3,260,3,0,0,0,sales,medium0.13,0.73,5,206,5,0,0,0,sales,medium0.6,0.67,3,249,2,0,0,0,sales,medium0.72,0.87,4,154,2,1,0,0,accounting,medium0.68,0.61,4,147,3,0,0,0,accounting,medium0.51,0.72,3,148,2,0,0,0,accounting,medium0.74,0.58,3,220,2,0,0,0,hr,high0.86,0.73,3,241,3,0,0,0,hr,low0.85,0.51,3,242,3,0,0,0,hr,medium0.63,0.85,2,156,3,1,0,0,hr,medium0.74,0.87,3,155,3,0,0,0,technical,medium0.6,0.5,3,211,3,0,0,0,technical,medium0.69,0.82,4,137,2,1,0,0,technical,low0.56,0.96,2,269,2,0,0,0,technical,low0.5,0.67,2,142,3,0,0,0,technical,low0.84,0.5,5,267,2,0,0,0,technical,low0.93,0.48,5,134,6,0,0,0,technical,low0.12,0.5,5,287,4,0,0,0,technical,low0.52,0.58,4,134,3,0,0,0,technical,low0.6,0.54,3,185,2,0,0,0,technical,low0.71,1,3,181,4,0,0,0,technical,medium0.21,0.81,5,169,4,0,0,0,support,medium0.15,0.84,3,201,6,0,0,0,support,medium0.38,0.55,2,215,6,0,0,0,support,medium0.27,0.86,3,222,5,0,0,0,support,medium0.86,0.64,4,137,2,0,0,0,support,medium0.17,0.52,6,176,5,0,0,0,support,medium0.66,0.69,3,257,2,0,0,0,support,medium0.95,0.51,3,224,4,0,0,0,support,medium0.59,0.92,5,226,3,0,0,0,support,medium0.49,0.61,5,196,3,0,0,0,support,medium0.9,0.88,5,256,4,0,0,0,support,medium0.98,0.81,3,153,4,0,0,0,technical,medium0.52,1,4,221,3,0,0,0,technical,medium0.12,0.95,3,236,3,0,0,0,technical,medium0.91,0.67,5,137,3,0,0,0,management,medium0.99,0.62,4,256,2,0,0,0,IT,medium0.49,0.8,4,161,2,0,0,0,IT,medium0.92,0.51,4,167,3,1,0,0,IT,medium0.21,0.84,3,194,2,0,0,0,IT,medium0.89,0.9,3,231,3,0,0,0,IT,medium0.84,0.81,4,152,2,1,0,0,product_mng,medium0.72,0.68,3,150,3,1,0,0,product_mng,medium0.57,0.46,3,207,3,0,0,0,product_mng,medium0.9,0.69,4,172,3,0,0,0,product_mng,medium0.59,0.75,2,273,2,0,0,0,IT,high0.97,0.69,4,134,3,0,0,0,RandD,high0.56,0.85,3,109,2,0,0,0,RandD,high0.78,0.59,4,124,3,1,0,0,RandD,high0.64,0.72,4,253,4,0,0,0,RandD,high0.58,0.9,5,224,3,0,0,0,RandD,high0.68,0.58,3,217,2,0,0,0,marketing,high0.82,0.73,3,148,4,0,0,0,sales,high0.83,0.78,5,240,3,0,0,0,accounting,high0.49,0.49,2,226,3,0,0,0,support,high0.57,0.95,4,176,3,0,0,0,technical,high0.66,0.93,4,248,3,0,0,0,management,high0.78,0.6,2,206,2,0,0,0,marketing,low0.55,0.8,3,192,3,1,0,0,marketing,low0.98,0.62,3,140,4,0,0,0,marketing,low0.89,0.51,4,141,3,0,0,0,sales,low0.67,0.83,3,220,3,0,0,0,sales,low1,0.49,4,140,3,0,0,0,sales,low0.67,0.44,4,194,2,1,0,0,sales,low0.2,0.98,2,228,3,0,0,0,sales,low0.71,0.87,4,238,3,0,0,0,sales,low0.65,0.91,3,207,3,0,0,0,sales,low0.82,0.82,4,164,2,0,0,0,sales,low0.48,0.89,3,224,3,0,0,0,sales,low0.96,0.9,4,201,3,0,0,0,sales,low0.52,0.63,3,171,2,0,0,0,sales,low0.24,0.78,5,131,5,0,0,0,sales,low0.92,0.95,6,239,4,0,0,0,sales,medium0.66,0.89,3,202,3,1,0,0,sales,medium0.93,0.68,3,137,3,1,0,0,sales,medium0.77,0.59,4,153,3,0,0,0,sales,medium0.6,0.48,4,219,4,1,0,0,sales,medium0.78,0.49,3,194,3,1,0,0,sales,medium0.6,0.53,4,228,3,0,0,0,sales,medium0.31,1,4,177,5,0,0,0,accounting,medium0.49,0.68,3,181,3,0,0,0,accounting,medium0.33,0.95,4,280,3,0,0,0,accounting,medium0.76,0.91,3,133,2,0,0,0,hr,medium0.65,0.63,3,237,3,0,0,0,hr,medium0.88,0.75,5,152,3,0,0,0,hr,high0.52,0.92,5,280,6,1,0,0,hr,high0.48,0.5,6,253,4,0,0,0,technical,high0.2,0.59,5,105,4,0,0,0,technical,high0.93,0.84,3,159,3,0,0,0,technical,high0.55,0.92,4,257,2,0,0,0,technical,high0.73,0.64,3,202,4,0,0,0,technical,high0.57,0.56,3,241,3,0,0,0,technical,high0.63,0.8,3,267,3,0,0,0,technical,low0.23,0.88,4,175,6,0,0,0,technical,low0.93,0.53,3,257,2,1,0,0,technical,low0.78,0.86,4,240,3,0,0,0,technical,low0.75,0.73,5,181,3,1,0,0,technical,low0.61,0.82,3,271,3,0,0,0,support,low0.36,0.97,5,151,3,0,0,0,support,low0.59,0.67,2,168,3,0,0,0,support,low0.78,0.63,4,265,3,0,0,0,support,medium0.93,0.53,5,204,2,0,0,0,support,medium0.67,0.72,4,223,3,0,0,0,support,medium0.52,0.63,4,136,2,0,0,0,support,medium0.69,0.95,5,184,2,0,0,0,support,medium0.25,0.8,5,186,4,1,0,0,support,medium0.4,0.43,3,128,3,0,0,0,support,medium0.98,0.83,5,211,3,0,0,0,support,medium0.92,0.89,4,236,4,1,0,0,technical,medium0.57,0.98,3,214,2,0,0,0,technical,medium0.81,0.52,4,274,3,0,0,0,technical,medium0.56,0.67,5,165,3,1,0,0,management,medium0.86,0.71,5,235,4,0,0,0,IT,medium0.74,0.9,4,189,2,0,0,0,IT,medium0.57,0.61,3,112,5,0,0,0,IT,medium0.9,0.64,3,163,3,0,0,0,IT,medium0.8,0.57,3,162,2,0,0,0,IT,medium0.22,0.8,4,149,5,0,0,0,product_mng,medium0.73,0.84,4,238,2,0,0,0,product_mng,medium0.48,0.47,3,160,3,0,0,0,product_mng,medium0.52,0.94,3,263,3,0,0,0,product_mng,medium0.53,0.71,4,271,3,0,0,0,IT,medium0.97,0.48,4,221,3,0,0,0,RandD,medium0.97,0.54,3,255,2,1,0,0,RandD,high0.54,0.88,4,170,4,0,0,0,RandD,low0.99,0.7,4,190,4,1,0,0,RandD,medium0.79,0.76,4,216,4,0,0,0,RandD,medium0.71,0.54,3,249,3,0,0,0,marketing,medium0.82,0.76,3,174,3,0,0,0,sales,medium0.6,0.7,4,265,4,1,0,0,accounting,medium0.17,0.88,2,206,4,0,0,0,support,medium0.73,0.6,4,222,3,0,0,0,technical,medium0.69,0.54,5,152,3,1,0,0,management,medium0.86,0.61,4,221,2,0,0,0,marketing,medium0.67,0.55,5,239,2,0,0,0,marketing,medium0.25,0.96,6,217,4,0,0,0,marketing,low0.65,0.66,3,164,2,0,0,0,sales,low0.81,0.56,3,142,3,0,0,0,sales,low0.58,0.53,4,181,3,1,0,0,sales,low0.14,0.57,4,207,5,0,0,0,sales,low0.15,0.37,2,167,3,0,0,0,sales,low0.98,0.51,3,243,2,0,0,0,sales,low0.91,0.5,4,231,3,0,0,0,sales,high0.86,0.71,4,250,3,1,0,0,sales,low0.56,0.63,3,145,2,0,0,0,sales,high0.58,0.77,4,190,6,0,0,0,sales,high0.54,0.64,2,128,2,0,0,0,sales,low0.59,0.99,5,254,3,1,0,0,sales,low0.92,0.88,3,145,4,1,0,0,sales,high0.82,0.8,4,246,3,0,0,0,sales,low0.86,0.68,5,246,2,0,0,0,sales,medium0.66,0.77,5,236,3,0,0,0,sales,high0.85,0.66,3,234,3,0,0,0,sales,medium0.8,0.6,3,247,2,0,0,0,sales,medium0.99,0.61,3,154,3,0,0,0,sales,medium0.25,0.45,3,228,5,0,0,0,accounting,medium0.93,0.99,4,209,3,1,0,0,accounting,high0.5,0.54,5,173,2,0,0,0,accounting,medium0.68,0.71,4,206,2,0,0,0,hr,medium0.62,0.87,3,151,2,1,0,0,hr,medium0.99,0.54,4,196,4,1,0,0,hr,high0.93,0.52,3,229,2,1,0,0,hr,medium0.2,0.75,3,235,4,0,0,0,technical,high0.58,0.61,4,200,3,0,0,0,technical,low0.94,0.76,4,261,6,0,0,0,technical,medium0.18,0.54,4,165,3,0,0,0,technical,medium0.18,0.62,3,165,4,0,0,0,technical,medium0.7,0.74,5,255,2,0,0,0,technical,medium0.93,0.92,5,185,5,0,0,0,technical,low0.5,0.76,4,229,3,1,0,0,technical,low0.54,0.71,3,153,3,0,0,0,technical,low0.74,0.63,4,238,2,0,0,0,technical,low0.66,0.67,3,199,2,0,0,0,technical,low0.61,0.87,3,185,2,1,0,0,support,low0.74,0.98,3,196,6,1,0,0,support,low0.48,0.51,4,201,4,0,0,0,support,low0.65,0.84,3,189,2,1,0,0,support,low0.94,0.49,2,250,5,0,0,0,support,low0.91,0.79,4,254,2,0,0,0,support,high0.87,0.65,3,212,3,1,0,0,support,low0.23,0.79,5,196,5,1,0,0,support,low0.4,0.73,4,146,3,0,0,0,support,low0.68,0.85,3,250,3,0,0,0,support,low0.95,0.88,3,266,2,1,0,0,support,high0.63,0.96,4,133,2,0,0,0,technical,low0.47,0.53,4,181,3,0,0,0,technical,low0.2,0.5,6,282,6,1,0,0,technical,low0.72,0.84,2,173,2,1,0,0,management,high0.56,0.57,5,237,2,0,0,0,IT,low0.7,0.74,3,202,2,0,0,0,IT,medium0.59,0.82,3,162,2,0,0,0,IT,high0.78,0.96,3,248,3,0,0,0,IT,medium0.62,0.64,3,165,3,0,0,0,IT,high0.71,0.61,2,216,2,0,0,0,product_mng,medium0.72,0.45,4,143,6,0,0,0,product_mng,medium0.76,0.77,3,254,3,0,0,0,product_mng,medium0.83,0.56,3,186,3,0,0,0,product_mng,medium0.92,0.99,4,245,4,0,0,0,IT,medium0.67,0.77,3,157,3,0,0,0,RandD,medium0.56,0.45,3,184,3,0,0,0,RandD,medium0.91,0.63,4,210,3,0,0,0,RandD,medium0.56,0.86,4,137,2,1,0,0,RandD,high0.72,0.95,3,145,2,0,0,0,RandD,low0.56,0.86,4,181,3,0,0,0,marketing,medium0.92,0.56,3,174,3,0,0,0,sales,medium0.74,0.88,5,183,3,1,0,0,accounting,medium0.88,0.84,4,171,4,1,0,0,support,medium0.69,0.72,2,190,2,0,0,0,technical,medium0.87,0.78,4,142,3,0,0,0,management,medium0.98,0.5,3,198,3,0,0,0,marketing,medium0.9,0.61,3,185,3,0,0,0,marketing,medium0.49,0.87,4,171,3,1,0,0,marketing,medium0.78,0.57,4,264,3,0,0,0,sales,high0.58,0.98,3,175,3,0,0,0,sales,low0.91,0.88,5,210,2,1,0,0,sales,low0.92,0.75,4,212,3,0,0,0,sales,low0.36,0.66,4,97,2,0,0,0,sales,high0.55,0.53,4,214,3,0,0,0,sales,low0.95,0.96,4,244,3,0,0,0,sales,low0.5,0.67,3,246,3,0,0,0,sales,low0.42,0.73,3,115,6,0,0,0,sales,high0.75,0.68,3,237,5,0,0,0,sales,low0.88,0.7,4,146,4,0,0,0,sales,low0.53,0.63,5,159,4,0,0,0,sales,low0.84,0.4,4,246,3,0,0,0,sales,low0.49,0.93,3,226,3,0,0,0,sales,low0.71,0.91,3,261,3,0,0,0,sales,low0.83,0.64,4,242,2,0,0,0,sales,low0.88,0.93,4,177,3,0,0,0,sales,medium0.87,0.53,4,144,3,0,0,0,sales,medium0.43,0.82,2,221,5,0,0,0,sales,medium0.8,0.9,5,265,3,0,0,0,accounting,medium0.32,0.67,5,224,4,1,0,0,accounting,medium0.77,0.56,3,167,4,0,0,0,accounting,medium0.97,0.77,3,245,3,0,0,0,hr,medium0.98,0.63,4,232,2,0,0,0,hr,medium0.62,0.64,5,229,2,0,0,0,hr,medium0.53,0.94,4,128,6,0,0,0,hr,medium0.93,0.49,3,211,2,0,0,0,technical,medium0.51,0.91,4,194,2,0,0,0,technical,medium0.76,0.76,4,214,3,0,0,0,technical,high0.69,0.89,3,216,4,0,0,0,technical,low0.58,0.6,4,222,3,0,0,0,technical,medium0.98,0.77,4,144,4,0,0,0,technical,medium0.58,0.54,3,287,6,0,0,0,technical,medium0.57,0.97,4,224,4,0,0,0,technical,medium0.84,0.79,4,157,4,0,0,0,technical,low0.15,0.67,5,216,6,0,0,0,technical,low0.88,0.72,5,181,4,0,0,0,technical,low0.69,0.99,3,133,3,0,0,0,support,low0.56,0.84,5,154,2,1,0,0,support,low0.49,0.58,3,265,3,0,0,0,support,low0.4,0.45,4,113,3,0,0,0,support,low0.67,0.36,3,280,4,0,0,0,support,low0.79,0.5,3,213,3,1,0,0,support,low0.47,0.44,5,255,5,1,0,0,support,low0.82,0.54,3,243,4,0,0,0,support,low0.82,0.87,3,206,2,0,0,0,support,low0.63,0.57,5,149,3,0,0,0,support,low0.91,0.53,2,273,3,0,0,0,support,low0.89,1,4,226,2,1,0,0,technical,low0.96,0.93,3,238,2,0,0,0,technical,low0.83,0.72,2,226,3,0,0,0,technical,low0.75,0.92,3,199,3,1,0,0,management,low0.75,0.82,5,202,3,1,0,0,IT,low0.41,0.69,2,152,4,1,0,0,IT,low0.96,0.94,3,167,3,0,0,0,IT,low0.58,0.79,4,130,3,0,0,0,IT,medium0.74,0.89,3,229,3,0,0,0,IT,medium0.78,0.74,4,261,3,1,0,0,product_mng,medium0.5,0.72,3,182,2,1,0,0,product_mng,medium1,0.52,4,198,3,0,0,0,product_mng,medium0.85,0.91,3,244,3,0,0,0,product_mng,medium0.82,0.89,4,275,3,0,0,0,IT,medium0.19,0.81,5,245,5,0,0,0,RandD,medium0.9,0.9,3,147,3,1,0,0,RandD,medium0.59,1,4,275,3,0,0,0,RandD,medium0.53,0.46,2,167,2,0,0,0,RandD,medium0.57,0.5,5,149,5,1,0,0,RandD,medium0.85,0.99,4,233,2,0,0,0,marketing,high0.64,0.67,5,167,2,0,0,0,sales,low0.57,0.54,3,159,3,1,0,0,accounting,medium0.86,0.85,2,195,4,0,0,0,support,medium0.6,0.7,5,229,2,0,0,0,technical,medium0.17,0.76,4,199,5,0,0,0,management,medium0.54,0.63,3,174,3,0,0,0,marketing,low0.35,0.78,5,275,4,0,0,0,marketing,low0.92,0.77,5,217,4,0,0,0,marketing,low0.66,1,4,192,2,0,0,0,sales,low0.83,0.9,4,195,3,0,0,0,sales,low0.89,0.86,3,261,4,0,0,0,sales,low0.94,0.61,4,199,3,0,0,0,sales,low0.24,0.85,4,160,5,0,0,0,sales,low0.69,0.8,3,177,4,0,0,0,sales,low0.45,0.46,3,179,2,1,0,0,sales,low0.78,0.93,4,161,3,0,0,0,sales,low0.91,0.38,5,279,5,0,0,0,sales,low0.63,0.65,4,246,6,1,0,0,sales,low0.71,0.8,4,199,2,0,0,0,sales,low0.73,0.69,3,161,3,0,0,0,sales,low0.69,0.52,5,219,3,0,0,0,sales,low0.52,0.57,5,162,3,0,0,0,sales,low0.78,0.66,4,258,3,0,0,0,sales,low0.94,0.69,3,269,3,0,0,0,sales,low0.55,0.73,4,201,3,0,0,0,sales,low0.43,0.38,2,278,3,1,0,0,sales,low0.77,0.66,3,147,2,0,0,0,sales,medium0.59,0.8,5,247,3,0,0,0,accounting,medium0.65,0.54,4,191,4,0,0,0,accounting,medium0.82,0.37,2,280,3,0,0,0,accounting,medium0.31,0.72,2,191,3,0,0,0,hr,medium0.84,0.65,4,264,2,0,0,0,hr,medium0.15,0.4,3,236,5,0,0,0,hr,medium0.64,0.52,4,271,2,1,0,0,hr,medium0.48,0.63,5,129,5,0,0,0,technical,medium0.82,0.58,4,249,5,0,0,0,technical,medium0.99,0.54,3,188,3,0,0,0,technical,medium0.8,0.52,3,147,3,1,0,0,technical,medium0.94,0.92,3,273,3,0,0,0,technical,high0.94,0.81,4,237,3,1,0,0,technical,low0.77,0.79,3,273,2,0,0,0,technical,medium0.48,0.54,3,190,3,0,0,0,technical,medium0.62,0.68,3,226,3,0,0,0,technical,medium0.61,0.9,4,216,3,0,0,0,technical,medium0.27,0.6,6,205,5,1,0,0,technical,low0.89,0.65,3,208,2,0,0,0,support,low0.58,0.81,4,266,2,0,0,0,support,low0.64,0.77,3,249,2,1,0,0,support,low0.73,0.88,5,134,2,1,0,0,support,low0.74,0.85,2,189,3,0,0,0,support,low0.75,0.82,4,143,2,0,0,0,support,low0.78,0.84,4,173,3,0,0,0,support,low0.18,0.95,6,248,3,0,0,0,support,low0.8,0.84,3,186,6,0,0,0,support,low0.89,0.64,5,191,3,0,0,0,support,low0.84,0.5,3,227,2,0,0,0,support,low0.64,0.38,2,269,5,0,0,0,technical,low0.53,0.82,3,254,3,1,0,0,technical,low0.15,0.66,4,180,4,0,0,0,technical,low0.66,0.62,3,144,3,0,0,0,management,low0.49,0.78,5,137,3,1,0,0,IT,low0.78,0.72,3,223,4,0,0,0,IT,low0.39,0.75,5,286,5,0,0,0,IT,low0.9,0.83,3,151,3,0,0,0,IT,low0.96,0.74,5,244,2,1,0,0,IT,low0.63,0.81,4,216,4,0,0,0,product_mng,medium0.63,0.74,4,173,3,0,0,0,product_mng,medium0.89,0.81,3,186,3,0,0,0,product_mng,medium0.93,0.57,2,205,4,1,0,0,product_mng,medium0.87,0.59,4,202,3,0,0,0,IT,medium0.56,0.53,3,189,3,0,0,0,RandD,medium0.97,0.55,4,181,5,1,0,0,RandD,medium0.61,0.51,3,207,3,0,0,0,RandD,medium0.73,0.46,4,240,4,1,0,0,RandD,medium0.61,0.69,2,164,2,0,0,0,RandD,medium0.99,0.71,4,212,2,0,0,0,marketing,medium0.57,0.75,4,151,2,0,0,0,sales,medium0.74,0.96,4,197,3,0,0,0,accounting,high0.86,0.61,5,265,3,0,0,0,support,low0.68,0.72,4,274,3,0,0,0,technical,medium0.66,0.63,3,201,4,0,0,0,management,medium0.86,0.89,3,250,2,0,0,0,marketing,medium0.85,0.78,3,165,4,0,0,0,marketing,medium0.98,0.53,5,186,3,0,0,0,marketing,low0.14,0.73,5,273,4,1,0,0,sales,low0.2,0.54,5,162,6,0,0,0,sales,low0.9,0.97,3,141,3,0,0,0,sales,low0.51,0.96,5,268,4,0,0,0,sales,low0.63,0.77,3,176,2,1,0,0,sales,low0.83,0.88,3,223,3,1,0,0,sales,low0.67,0.72,4,218,2,1,0,0,sales,low0.96,0.52,4,228,3,0,0,0,sales,low0.69,0.75,3,204,3,0,0,0,sales,low0.69,0.9,4,148,2,0,0,0,sales,low0.64,0.94,3,221,2,0,0,0,sales,low0.62,0.48,4,271,3,0,0,0,sales,low0.55,0.75,3,191,3,0,0,0,sales,low0.98,0.51,4,223,2,0,0,0,sales,low0.83,0.78,5,250,2,1,0,0,sales,low0.73,0.77,3,230,2,0,0,0,sales,low0.58,0.86,3,226,2,0,0,0,sales,low0.52,0.67,4,182,3,0,0,0,sales,medium0.91,0.7,3,195,3,0,0,0,sales,medium0.72,0.64,3,231,2,0,0,0,accounting,medium0.7,0.74,3,224,3,0,0,0,accounting,medium0.86,0.92,4,229,4,0,0,0,accounting,medium0.82,0.57,2,158,3,1,0,0,hr,medium0.83,0.78,4,242,3,1,0,0,hr,medium0.99,0.64,3,183,3,0,0,0,hr,medium0.88,0.58,5,213,4,0,0,0,hr,medium0.68,0.74,4,263,2,1,0,0,technical,medium0.9,0.49,3,237,2,0,0,0,technical,medium0.59,0.67,6,126,3,0,0,0,technical,medium0.76,0.71,6,168,2,0,0,0,technical,high0.23,0.63,5,151,4,1,0,0,technical,low0.8,0.85,4,239,3,0,0,0,technical,medium0.62,0.49,4,174,3,0,0,0,technical,medium0.28,0.46,5,277,6,0,0,0,technical,medium0.81,0.97,3,133,3,0,0,0,technical,medium0.64,0.91,4,150,3,0,0,0,technical,low0.76,0.6,5,244,3,1,0,0,technical,low0.79,0.87,3,232,2,0,0,0,support,low0.72,0.91,3,267,2,0,0,0,support,low0.22,0.59,5,162,2,0,0,0,support,low0.18,0.73,5,228,5,0,0,0,support,low0.91,0.49,2,180,3,0,0,0,support,low0.69,0.63,2,252,3,0,0,0,support,low0.91,0.66,5,212,3,0,0,0,support,low0.67,0.84,4,224,3,0,0,0,support,low0.98,0.62,2,240,3,1,0,0,support,low0.69,0.62,4,183,4,0,0,0,support,low0.96,0.74,5,160,5,1,0,0,support,low0.69,0.68,4,225,3,0,0,0,technical,low0.65,0.68,3,268,2,1,0,0,technical,low0.7,0.75,3,221,3,0,0,0,technical,low0.48,0.94,3,173,2,0,0,0,management,low0.48,0.51,4,103,4,0,0,0,IT,low0.16,0.89,4,196,3,1,0,0,IT,low0.72,0.97,3,239,3,0,0,0,IT,low0.91,0.71,3,171,2,0,0,0,IT,low0.74,0.54,3,243,3,0,0,0,IT,medium0.56,0.56,2,153,2,0,0,0,product_mng,medium0.56,0.41,6,142,3,0,0,0,product_mng,medium0.88,0.55,5,168,2,0,0,0,product_mng,medium0.86,0.9,5,180,4,0,0,0,product_mng,medium0.66,0.84,4,186,3,0,0,0,IT,medium0.41,0.45,3,236,2,0,0,0,RandD,medium0.68,0.83,5,267,3,0,0,0,RandD,medium0.59,0.47,3,129,2,0,0,0,RandD,medium0.52,0.78,3,181,3,0,0,0,RandD,medium0.3,0.54,2,99,2,0,0,0,RandD,medium0.44,0.67,5,170,3,1,0,0,marketing,medium0.75,0.64,3,195,3,0,0,0,sales,high0.23,0.94,4,149,6,0,0,0,accounting,low0.34,0.46,6,132,2,0,0,0,support,medium0.52,0.59,3,164,3,0,0,0,technical,medium0.79,0.83,4,250,2,0,0,0,management,medium0.5,0.77,3,204,2,0,0,0,marketing,medium0.89,0.65,3,210,3,0,0,0,marketing,low0.84,0.52,6,98,3,0,0,0,marketing,low0.26,0.47,3,241,4,0,0,0,sales,low0.57,0.96,5,203,4,0,0,0,sales,low0.14,0.99,3,257,4,1,0,0,sales,low0.94,0.62,5,201,2,0,0,0,sales,low0.3,0.58,2,124,3,0,0,0,sales,low0.29,0.43,6,175,3,0,0,0,sales,low0.82,0.75,3,161,3,0,0,0,sales,low0.62,0.75,4,183,4,1,0,0,sales,low0.64,0.99,5,262,5,0,0,0,sales,low0.17,0.52,4,184,4,0,0,0,sales,low0.75,0.56,3,207,3,0,0,0,sales,low0.49,0.73,4,185,3,0,0,0,sales,low0.84,0.58,4,180,2,0,0,0,sales,low0.48,0.96,4,224,2,1,0,0,sales,low0.54,0.53,3,184,3,0,0,0,sales,low0.76,0.99,5,252,3,1,0,0,sales,low0.77,0.84,4,196,3,0,0,0,sales,low0.95,0.97,4,203,2,0,0,0,sales,low0.72,0.83,4,181,3,0,0,0,sales,low0.74,0.67,4,148,3,0,0,0,accounting,medium0.9,0.55,4,211,3,0,0,0,accounting,medium0.67,0.55,3,246,3,0,0,0,accounting,medium0.97,0.55,4,258,3,0,0,0,hr,medium0.55,0.59,3,231,4,0,0,0,hr,medium0.32,0.95,2,184,5,0,0,0,hr,medium0.4,0.42,3,146,2,1,0,0,hr,medium0.66,0.54,2,136,2,0,0,0,technical,low0.7,0.77,4,266,2,0,0,0,technical,low0.69,0.89,2,220,3,0,0,0,technical,low0.72,0.57,2,248,2,0,0,0,technical,low0.21,0.65,3,183,3,0,0,0,technical,low0.91,0.9,3,169,3,0,0,0,technical,low0.72,0.71,3,132,2,1,0,0,technical,low0.96,0.72,3,197,3,0,0,0,technical,low1,0.89,4,152,3,0,0,0,technical,low0.63,0.51,3,126,6,0,0,0,technical,low0.24,0.74,6,106,5,0,0,0,technical,low0.44,0.38,4,128,2,0,0,0,support,low0.92,0.57,3,191,3,0,0,0,support,low0.51,0.51,4,189,3,0,0,0,support,low0.77,0.71,5,141,3,0,0,0,support,low0.8,0.97,4,220,3,0,0,0,support,low0.84,0.46,5,118,3,0,0,0,support,low0.91,0.88,5,223,3,0,0,0,support,low0.64,0.61,3,263,3,0,0,0,support,low0.15,0.59,5,209,4,1,0,0,support,medium0.74,0.58,4,193,3,0,0,0,support,medium0.94,0.78,4,211,3,0,0,0,support,medium0.57,0.58,3,192,3,0,0,0,technical,medium0.92,0.63,5,156,3,0,0,0,technical,medium0.76,0.54,5,278,2,1,0,0,technical,medium0.73,0.92,3,199,3,1,0,0,management,medium0.24,0.6,2,194,6,0,0,0,IT,medium0.42,0.47,2,125,4,0,0,0,IT,medium0.92,0.82,4,96,4,0,0,0,IT,medium0.92,0.94,3,234,2,1,0,0,IT,medium0.68,0.55,6,181,3,0,0,0,IT,medium0.49,0.86,4,246,2,0,0,0,product_mng,medium0.57,0.98,3,171,3,0,0,0,product_mng,medium0.3,0.66,3,198,2,0,0,0,product_mng,medium0.17,0.81,5,280,4,0,0,0,product_mng,medium0.91,0.49,3,267,3,0,0,0,IT,medium0.83,0.91,3,251,2,0,0,0,RandD,medium0.87,0.76,5,182,3,0,0,0,RandD,medium0.71,0.8,4,157,3,0,0,0,RandD,medium0.88,0.5,3,206,2,0,0,0,RandD,medium0.63,0.94,3,237,3,1,0,0,RandD,medium0.99,0.58,2,166,3,0,0,0,marketing,medium0.99,0.81,4,229,2,1,0,0,sales,medium0.77,0.53,5,256,3,0,0,0,accounting,medium0.64,0.69,5,114,6,0,0,0,support,medium0.61,1,5,243,2,0,0,0,technical,medium0.37,0.82,3,199,5,0,0,0,management,medium0.19,1,4,188,4,1,0,0,marketing,medium0.96,0.87,4,187,2,0,0,0,marketing,medium0.8,0.62,4,216,2,0,0,0,marketing,medium0.14,0.63,6,215,5,0,0,0,sales,low0.15,0.69,6,213,6,0,0,0,sales,low0.52,0.82,4,198,4,0,0,0,sales,low0.27,0.55,5,121,3,1,0,0,sales,low0.97,0.96,3,212,3,0,0,0,sales,low0.52,0.93,2,271,3,0,0,0,sales,low0.98,0.89,3,186,2,0,0,0,sales,low0.96,0.95,4,265,2,0,0,0,sales,low0.28,0.92,3,151,3,0,0,0,sales,low0.65,0.55,5,206,3,0,0,0,sales,low0.59,0.63,4,153,3,1,0,0,sales,low0.64,0.48,4,267,2,1,0,0,sales,low0.71,0.48,3,161,3,0,0,0,sales,low0.83,0.84,2,149,3,0,0,0,sales,low0.95,0.94,2,269,4,1,0,0,sales,low0.73,0.49,3,248,3,0,0,0,sales,low0.81,0.75,4,243,2,0,0,0,sales,low0.71,0.44,2,207,4,0,0,0,sales,low0.8,0.56,6,111,6,0,0,0,sales,low0.85,0.53,3,226,2,0,0,0,accounting,low0.41,0.7,2,151,3,1,0,0,accounting,low0.51,0.84,4,224,2,0,0,0,accounting,medium0.49,0.57,4,146,4,0,0,0,hr,medium0.76,0.55,4,163,2,1,0,0,hr,medium0.57,0.69,4,255,3,0,0,0,hr,medium0.54,0.48,6,196,2,0,0,0,hr,medium0.68,0.74,3,227,2,0,0,0,technical,medium0.7,0.5,3,251,2,0,0,0,technical,medium0.77,0.87,4,209,3,0,0,0,technical,medium0.95,0.51,3,254,4,0,0,0,technical,medium0.5,0.64,3,249,2,1,0,0,technical,low0.99,0.53,4,131,3,1,0,0,technical,low0.94,0.51,5,142,2,0,0,0,technical,low0.83,0.66,3,239,3,0,0,0,technical,low0.64,0.81,3,225,3,1,0,0,technical,low0.16,0.73,6,170,3,0,0,0,technical,low0.83,0.71,3,254,2,0,0,0,technical,low0.93,0.73,4,156,2,0,0,0,support,low0.32,0.64,3,151,3,0,0,0,support,low0.12,0.9,3,200,3,0,0,0,support,low0.5,0.5,3,184,3,1,0,0,support,low0.57,0.74,3,257,2,0,0,0,support,low0.25,0.75,5,194,5,1,0,0,support,low0.98,0.56,3,139,2,1,0,0,support,low0.81,0.51,3,273,2,1,0,0,support,low0.94,0.63,5,261,3,0,0,0,support,low0.83,0.57,3,135,3,1,0,0,support,low0.77,0.4,4,207,5,0,0,0,support,low0.57,0.65,4,265,3,0,0,0,technical,low0.18,0.96,5,208,6,0,0,0,technical,medium0.67,0.71,4,159,2,1,0,0,technical,medium0.35,0.47,4,151,6,0,0,0,management,medium0.78,0.44,3,97,4,0,0,0,IT,medium0.72,0.79,4,154,3,0,0,0,IT,medium0.9,0.58,3,264,3,0,0,0,IT,medium0.58,0.49,3,135,2,0,0,0,IT,medium0.64,0.56,3,238,2,0,0,0,IT,medium0.91,0.79,4,166,3,0,0,0,product_mng,medium0.59,0.51,3,156,3,0,0,0,product_mng,medium0.76,0.8,3,202,3,0,0,0,product_mng,medium0.76,0.85,3,204,2,1,0,0,product_mng,medium0.51,0.69,3,135,3,0,0,0,IT,medium0.54,0.55,4,252,3,0,0,0,RandD,medium0.67,0.93,5,254,3,1,0,0,RandD,medium0.68,0.44,5,165,3,0,0,0,RandD,medium0.97,0.58,3,200,2,0,0,0,RandD,medium0.5,0.74,3,155,3,0,0,0,RandD,medium0.81,0.52,3,162,3,0,0,0,marketing,medium0.77,0.73,4,159,3,1,0,0,sales,medium0.59,0.75,4,266,3,0,0,0,accounting,medium1,0.96,4,155,3,0,0,0,support,medium0.74,0.95,5,170,4,0,0,0,technical,medium0.91,0.52,4,172,4,1,0,0,management,high0.77,0.65,3,187,3,0,0,0,marketing,low0.79,0.98,4,185,2,0,0,0,marketing,medium0.82,0.51,5,232,3,0,0,0,marketing,medium0.89,0.96,5,260,3,0,0,0,sales,low0.83,0.62,4,218,3,0,0,0,sales,low0.72,0.7,4,217,3,0,0,0,sales,low0.7,0.74,3,212,3,0,0,0,sales,low1,0.89,3,189,3,0,0,0,sales,low0.57,0.66,4,158,2,0,0,0,sales,low0.55,0.54,5,168,2,0,0,0,sales,low0.47,0.7,4,134,3,0,0,0,sales,low0.95,0.77,4,213,3,1,0,0,sales,low0.29,0.57,5,149,3,0,0,0,sales,low0.71,0.5,3,201,2,0,0,0,sales,low0.89,0.68,4,146,3,0,0,0,sales,low0.81,0.97,4,212,2,0,0,0,sales,low0.72,0.64,4,140,2,0,0,0,sales,low1,0.85,4,156,3,0,0,0,sales,low0.79,0.49,4,163,3,0,0,0,sales,high0.69,0.84,3,154,2,0,0,0,sales,low0.97,0.66,4,218,3,0,0,0,sales,high0.61,0.59,3,157,2,0,0,0,sales,high0.71,0.89,3,222,3,0,0,0,accounting,low0.96,0.76,4,152,3,1,0,0,accounting,low0.77,0.73,5,263,2,0,0,0,accounting,high0.57,0.99,3,231,3,0,0,0,hr,low0.92,0.76,4,258,2,0,0,0,hr,medium0.99,0.92,5,213,2,0,0,0,hr,high0.86,0.73,3,159,3,0,0,0,hr,medium0.78,0.66,4,156,3,1,0,0,technical,low0.85,0.66,3,235,3,0,0,0,technical,low0.38,0.6,4,190,2,0,0,0,technical,low0.63,0.93,4,238,2,0,0,0,technical,low0.66,0.72,4,137,3,0,0,0,technical,low0.19,0.79,5,171,3,1,0,0,technical,low0.63,0.59,4,249,2,0,0,0,technical,low0.32,0.74,6,205,3,0,0,0,technical,low0.73,0.55,3,149,3,0,0,0,technical,low0.75,0.89,4,139,3,0,0,0,technical,low0.7,0.66,4,168,3,0,0,0,technical,low0.77,0.61,4,181,2,0,0,0,support,low0.83,0.8,4,150,3,0,0,0,support,low0.75,0.49,4,246,3,0,0,0,support,low0.97,0.54,3,271,3,0,0,0,support,medium0.75,0.55,5,204,3,0,0,0,support,low0.66,0.84,3,170,4,0,0,0,support,low0.56,0.49,3,208,3,0,0,0,support,low0.77,0.98,2,226,3,0,0,0,support,low0.82,0.81,3,149,3,0,0,0,support,low0.85,0.59,2,264,2,0,0,0,support,low0.49,0.79,5,177,2,0,0,0,support,low0.24,0.87,4,262,3,0,0,0,technical,low0.32,0.74,3,211,3,0,0,0,technical,low0.77,0.51,4,141,3,1,0,0,technical,low0.77,0.83,5,197,4,0,0,0,management,high0.93,0.87,3,154,3,1,0,0,IT,low0.22,0.74,5,178,5,0,0,0,IT,low0.24,0.89,5,169,4,0,0,0,IT,low0.99,0.99,3,228,4,0,0,0,IT,low0.61,0.5,3,231,3,0,0,0,IT,high0.6,0.91,4,185,3,1,0,0,product_mng,low0.79,0.7,3,195,2,0,0,0,product_mng,low0.94,0.62,3,147,3,0,0,0,product_mng,low0.18,0.85,5,192,3,0,0,0,product_mng,high0.51,0.73,5,241,3,0,0,0,IT,low0.55,0.92,3,151,3,0,0,0,RandD,medium0.73,0.74,3,221,3,0,0,0,RandD,high0.41,0.63,5,263,3,0,0,0,RandD,medium0.88,0.66,3,178,3,0,0,0,RandD,high0.23,0.56,5,169,5,0,0,0,RandD,medium0.78,0.56,3,271,4,0,0,0,marketing,medium0.34,0.69,3,155,3,0,0,0,marketing,medium0.51,0.41,2,164,4,0,0,0,sales,medium0.8,0.86,3,226,2,0,0,0,accounting,medium0.66,0.57,4,220,2,1,0,0,support,medium0.62,0.63,5,153,6,0,0,0,technical,medium0.5,0.97,2,252,4,0,0,0,management,medium0.96,0.94,3,182,3,0,0,0,marketing,high0.5,0.84,3,150,2,0,0,0,marketing,low0.73,0.69,6,273,4,1,0,0,marketing,medium0.47,0.39,6,215,5,0,0,0,sales,medium0.49,0.83,3,172,2,0,0,0,sales,medium0.92,0.62,3,264,2,0,0,0,sales,medium0.24,0.39,5,158,2,0,0,0,sales,medium0.61,0.58,4,142,4,0,0,0,sales,medium0.83,0.89,4,137,3,0,0,0,sales,medium0.88,0.66,4,275,3,0,0,0,sales,medium0.61,0.55,3,245,3,0,0,0,sales,medium0.68,0.54,4,165,4,0,0,0,sales,high0.51,0.7,4,142,4,1,0,0,sales,low0.88,0.58,4,215,2,0,0,0,sales,low0.94,0.84,5,240,3,0,0,0,sales,low0.58,0.88,4,255,3,0,0,0,sales,high0.63,0.98,4,265,3,0,0,0,sales,low0.81,0.49,4,285,4,0,0,0,sales,low0.61,0.86,3,238,2,0,0,0,sales,low0.65,0.63,3,137,3,0,0,0,sales,high0.67,0.63,3,270,5,0,0,0,sales,low0.64,0.62,4,145,3,1,0,0,sales,low0.25,0.76,6,182,3,0,0,0,accounting,low0.13,0.62,3,264,6,0,0,0,accounting,low0.14,0.89,3,212,6,0,0,0,accounting,low0.74,0.51,5,198,3,0,0,0,hr,low0.8,0.81,5,200,3,0,0,0,hr,low0.5,0.56,3,263,4,0,0,0,hr,medium0.69,0.75,4,249,4,0,0,0,hr,medium0.91,0.53,4,212,3,0,0,0,technical,low0.8,0.51,3,159,3,0,0,0,technical,low0.93,0.52,3,181,3,0,0,0,technical,low0.57,0.99,3,100,4,1,0,0,technical,low0.51,0.58,2,218,2,1,0,0,technical,low0.98,0.54,4,178,3,0,0,0,technical,low0.85,0.83,4,219,3,0,0,0,technical,low0.73,0.56,5,239,3,0,0,0,technical,low0.97,0.9,3,255,2,0,0,0,technical,low0.52,0.61,4,163,2,0,0,0,technical,low0.31,0.38,3,173,2,0,0,0,technical,low0.49,0.77,3,147,3,0,0,0,support,low0.81,0.44,4,166,4,1,0,0,support,low0.52,0.8,5,209,2,0,0,0,support,low0.69,0.56,5,271,3,0,0,0,support,low0.7,0.74,3,253,4,1,0,0,support,low0.65,0.85,4,233,2,0,0,0,support,low0.54,0.71,2,194,2,0,0,0,support,low0.57,0.49,2,237,2,0,0,0,support,low0.78,0.9,4,238,2,0,0,0,support,low0.99,0.92,4,212,3,0,0,0,support,low0.57,0.83,5,189,3,0,0,0,support,low0.33,0.58,3,115,3,0,0,0,technical,low0.97,0.58,4,159,3,0,0,0,technical,low0.95,0.58,5,133,3,0,0,0,technical,low0.69,0.83,5,225,3,0,0,0,management,low0.97,0.91,2,112,5,0,0,0,IT,low0.4,0.59,3,111,4,1,0,0,IT,low0.67,0.71,4,178,6,0,0,0,IT,low0.96,0.58,5,178,3,0,0,0,IT,low0.49,0.95,2,181,4,1,0,0,IT,low0.56,0.66,3,139,2,0,0,0,product_mng,low0.99,0.78,2,177,4,0,0,0,product_mng,low0.49,0.88,4,270,3,0,0,0,product_mng,low0.53,0.69,4,135,3,0,0,0,product_mng,low0.75,0.5,4,166,4,0,0,0,IT,low0.51,0.89,3,230,4,0,0,0,marketing,low0.65,0.9,3,163,3,1,0,0,marketing,medium0.45,0.66,2,236,3,0,0,0,marketing,medium0.98,0.91,3,264,4,1,0,0,marketing,medium0.9,0.74,3,185,2,0,0,0,marketing,medium0.37,0.62,4,253,2,0,0,0,marketing,medium0.52,0.99,4,253,3,0,0,0,marketing,medium0.96,0.78,3,135,3,0,0,0,sales,medium0.99,0.7,2,182,4,0,0,0,accounting,medium0.66,0.56,5,202,3,0,0,0,support,medium0.84,0.54,5,186,2,0,0,0,technical,medium0.16,0.87,5,163,3,0,0,0,management,medium0.75,0.59,3,242,3,0,0,0,marketing,medium0.52,0.74,3,160,2,0,0,0,marketing,high0.86,0.86,3,173,3,0,0,0,marketing,low0.75,0.53,3,154,2,0,0,0,sales,medium0.73,0.99,3,160,3,0,0,0,sales,medium0.98,0.84,3,139,2,0,0,0,sales,medium0.8,0.84,3,251,3,0,0,0,sales,medium0.18,0.48,4,176,4,1,0,0,sales,low0.37,0.72,2,163,3,0,0,0,sales,low0.97,0.86,3,257,4,0,0,0,sales,low0.56,0.68,4,159,3,0,0,0,sales,low0.32,0.65,2,183,3,0,0,0,sales,low0.63,0.88,4,260,2,0,0,0,sales,low0.36,0.78,6,151,3,0,0,0,sales,low0.75,0.49,4,246,3,1,0,0,sales,low0.42,0.86,3,160,4,1,0,0,sales,low0.96,0.66,3,155,2,0,0,0,sales,low0.62,0.78,5,250,6,0,0,0,sales,low0.78,0.96,2,174,3,0,0,0,sales,low0.93,0.89,3,262,2,0,0,0,sales,low0.93,0.87,4,257,2,0,0,0,sales,low0.45,0.42,4,140,2,0,0,0,sales,low0.44,0.56,3,123,3,0,0,0,accounting,medium0.57,0.55,3,264,2,0,0,0,accounting,medium0.77,0.51,2,254,5,0,0,0,accounting,medium0.6,0.98,4,205,4,0,0,0,hr,medium0.25,0.94,6,199,4,0,0,0,hr,medium0.59,0.43,3,171,3,0,0,0,hr,medium0.29,0.57,5,98,5,0,0,0,hr,medium0.5,0.95,3,166,4,1,0,0,technical,low0.91,0.94,4,264,4,0,0,0,technical,low0.78,0.65,3,176,2,0,0,0,technical,low0.73,0.76,2,166,3,0,0,0,technical,low0.51,0.59,4,169,3,0,0,0,technical,low0.65,0.82,4,257,3,0,0,0,technical,low0.25,0.87,3,265,4,0,0,0,technical,low0.5,0.63,5,167,2,0,0,0,technical,low0.53,0.58,4,134,2,0,0,0,technical,low0.57,0.76,2,176,3,0,0,0,technical,low0.77,0.91,5,274,3,0,0,0,technical,low0.94,0.77,3,201,3,0,0,0,support,low0.5,0.53,3,121,4,0,0,0,support,low0.47,0.57,3,97,4,0,0,0,support,low0.92,0.54,4,217,4,0,0,0,support,low0.9,0.87,3,220,3,0,0,0,support,low0.54,0.46,2,98,4,0,0,0,support,low0.58,0.97,5,265,3,0,0,0,support,low0.95,0.87,3,201,3,0,0,0,support,low0.52,0.71,3,151,3,0,0,0,support,low0.83,0.51,4,199,3,0,0,0,support,low0.54,0.92,4,175,3,0,0,0,support,low0.8,0.85,5,253,3,1,0,0,technical,low0.52,0.57,3,183,2,0,0,0,technical,low0.83,0.8,5,223,3,0,0,0,technical,low0.74,0.55,5,168,4,0,0,0,management,low0.87,0.71,5,244,2,0,0,0,IT,low0.45,0.87,2,268,4,1,0,0,IT,low0.72,0.72,4,218,4,0,0,0,IT,low0.27,0.85,2,277,6,1,0,0,IT,low0.51,0.88,5,225,2,1,0,0,IT,low0.55,0.55,4,257,3,0,0,0,product_mng,low0.89,0.69,4,170,3,0,0,0,product_mng,low0.85,0.86,3,179,3,0,0,0,product_mng,low0.29,0.85,4,211,2,0,0,0,product_mng,low0.96,0.5,3,217,2,1,0,0,IT,low0.9,0.68,3,135,3,0,0,0,RandD,low0.28,0.94,6,167,3,1,0,0,RandD,low0.93,0.98,4,189,3,0,0,0,RandD,medium0.51,0.57,3,162,3,1,0,0,RandD,medium0.97,0.76,3,193,3,0,0,0,RandD,medium0.71,0.55,4,273,3,1,0,0,RandD,medium0.52,0.69,6,138,5,0,0,0,marketing,medium0.87,0.84,4,237,3,1,0,0,sales,medium0.78,0.61,5,260,2,0,0,0,accounting,medium0.57,0.82,3,149,5,1,0,0,support,medium0.34,0.49,4,149,3,0,0,0,technical,medium0.95,0.95,4,137,4,0,0,0,management,medium0.72,0.73,5,167,3,0,0,0,marketing,medium0.61,0.37,4,165,6,0,0,0,marketing,medium0.39,0.39,2,131,2,0,0,0,marketing,high0.72,0.59,5,138,2,0,0,0,sales,low0.86,0.91,4,234,3,1,0,0,sales,medium0.69,0.67,4,141,3,0,0,0,sales,medium0.5,0.65,4,266,3,1,0,0,sales,medium0.62,0.68,3,134,2,0,0,0,sales,medium0.76,0.55,4,147,3,0,0,0,sales,low0.97,0.88,4,237,4,0,0,0,sales,low0.78,0.57,5,114,4,0,0,0,sales,low0.81,0.89,4,166,2,1,0,0,sales,low0.15,0.95,4,173,5,1,0,0,sales,low0.72,0.5,3,205,3,1,0,0,sales,low0.8,0.5,3,219,3,0,0,0,sales,low0.76,0.74,3,173,2,0,0,0,sales,low0.19,0.73,4,231,3,0,0,0,sales,low0.75,0.75,5,133,2,0,0,0,sales,low0.94,0.49,4,220,3,0,0,0,sales,low0.93,0.59,5,158,3,0,0,0,sales,low0.96,0.92,3,182,4,0,0,0,sales,low0.14,0.57,6,275,5,0,0,0,sales,low0.75,0.71,3,237,3,1,0,0,accounting,low0.6,0.59,5,146,4,0,0,0,accounting,low0.65,0.48,4,144,3,0,0,0,accounting,low0.59,0.79,2,195,3,0,0,0,hr,low0.93,0.78,5,191,4,0,0,0,hr,medium0.5,1,3,149,2,0,0,0,hr,medium0.62,0.55,4,137,3,1,0,0,hr,medium0.24,0.58,3,184,5,1,0,0,technical,medium0.66,0.87,4,139,3,0,0,0,technical,medium0.55,0.95,4,249,4,0,0,0,technical,medium0.91,0.66,3,168,3,0,0,0,technical,medium0.59,0.51,2,145,5,0,0,0,technical,medium0.74,0.54,5,221,3,0,0,0,technical,medium0.43,0.51,2,123,3,0,0,0,technical,medium0.85,0.99,6,153,6,0,0,0,technical,medium0.46,0.54,3,183,4,0,0,0,technical,medium0.48,0.56,4,271,3,0,0,0,technical,high0.96,1,4,167,2,1,0,0,technical,low0.55,0.9,4,177,3,0,0,0,support,medium0.82,0.74,3,256,3,1,0,0,support,medium0.24,0.65,3,143,4,0,0,0,support,medium0.69,0.71,3,241,3,0,0,0,support,medium0.29,0.68,4,210,3,0,0,0,support,low0.53,0.7,4,155,5,1,0,0,support,low0.65,0.77,2,248,3,0,0,0,support,low0.57,0.53,3,162,3,0,0,0,support,low0.6,0.5,4,137,3,0,0,0,support,low0.79,0.55,5,242,2,0,0,0,support,low0.41,0.5,6,257,6,1,0,0,support,low0.79,0.72,5,245,3,1,0,0,technical,low0.5,0.8,3,234,3,0,0,0,technical,low0.8,0.76,4,135,2,0,0,0,technical,low0.61,0.79,5,269,2,0,0,0,management,low0.99,0.68,4,238,3,0,0,0,IT,low0.77,0.86,3,101,5,0,0,0,IT,low0.7,0.52,5,200,2,1,0,0,IT,low0.55,0.87,3,241,4,0,0,0,IT,low0.87,0.63,3,143,3,1,0,0,IT,low0.97,0.6,3,169,2,1,0,0,product_mng,low0.56,0.99,4,270,2,0,0,0,product_mng,low0.99,0.81,4,246,3,1,0,0,product_mng,low0.57,0.66,4,151,2,0,0,0,product_mng,low1,0.84,3,227,3,0,0,0,IT,low0.97,0.74,3,134,3,1,0,0,marketing,high0.81,0.54,4,155,4,0,0,0,accounting,high0.76,0.48,5,173,3,0,0,0,accounting,high0.95,0.55,5,134,3,0,0,0,IT,medium0.81,0.65,3,195,2,0,0,0,IT,medium0.8,0.65,3,264,4,0,0,0,management,high0.72,0.57,3,203,2,1,0,0,marketing,medium0.68,0.65,3,243,2,0,0,0,sales,medium0.21,0.61,6,159,5,1,0,0,accounting,medium0.46,0.4,3,145,2,0,0,0,support,medium0.8,0.7,3,238,2,0,0,0,technical,medium0.57,0.64,4,151,2,0,0,0,management,medium0.58,0.57,5,205,2,0,0,0,marketing,high0.91,1,4,211,3,0,0,0,marketing,low0.63,0.67,5,169,2,0,0,0,marketing,medium0.95,0.86,2,263,4,0,0,0,sales,medium0.87,0.67,5,143,3,0,0,0,sales,medium0.22,0.53,5,160,4,1,0,0,sales,medium0.95,0.65,5,142,2,1,0,0,sales,low0.18,0.5,4,169,4,0,0,0,sales,low0.87,0.63,5,214,3,0,0,0,sales,low0.23,0.84,5,131,5,0,0,0,sales,low0.93,0.69,3,213,4,0,0,0,sales,low0.58,0.75,4,244,4,0,0,0,sales,low0.68,0.55,4,169,3,1,0,0,sales,low0.76,0.71,4,156,3,0,0,0,sales,low0.68,0.84,5,161,3,0,0,0,sales,low0.99,0.47,3,152,5,0,0,0,sales,low0.64,0.55,3,201,2,0,0,0,sales,low0.61,0.83,5,269,5,1,0,0,sales,low0.51,0.5,5,242,2,0,0,0,sales,low0.69,0.66,3,113,4,0,0,0,sales,low0.85,0.6,3,251,2,0,0,0,sales,low0.55,0.89,6,99,3,0,0,0,sales,low0.56,0.89,4,263,3,0,0,0,accounting,low0.69,0.68,4,214,4,0,0,0,accounting,low0.61,0.46,4,172,3,0,0,0,accounting,low0.47,0.65,4,172,2,0,0,0,hr,low0.58,0.79,4,196,3,1,0,0,hr,low0.16,0.56,5,152,5,0,0,0,hr,medium0.53,0.64,2,109,3,0,0,0,hr,medium0.82,0.82,5,193,4,0,0,0,technical,medium0.68,0.61,4,227,3,0,0,0,technical,medium0.6,0.72,3,181,2,0,0,0,technical,medium0.93,0.44,5,190,5,0,0,0,technical,medium0.58,0.49,2,107,3,0,0,0,technical,medium0.61,0.96,4,161,3,1,0,0,technical,medium0.74,0.71,4,243,3,0,0,0,technical,medium0.88,0.91,3,157,2,0,0,0,technical,medium0.94,0.8,6,147,3,0,0,0,technical,medium0.44,0.46,3,121,3,0,0,0,technical,medium0.73,0.52,3,274,2,0,0,0,technical,high0.9,0.68,4,204,4,1,0,0,support,low0.97,0.49,3,199,2,0,0,0,support,medium0.86,0.96,5,246,3,0,0,0,support,medium0.81,0.98,3,141,3,0,0,0,support,medium0.24,0.76,6,213,4,0,0,0,support,medium0.92,0.97,4,199,3,0,0,0,support,low0.34,0.62,2,257,6,1,0,0,support,low0.95,0.53,4,143,3,0,0,0,support,low0.94,0.81,3,150,2,0,0,0,support,low0.54,0.82,3,284,2,1,0,0,support,low0.87,0.57,3,149,3,0,0,0,support,low0.54,0.74,4,160,6,0,0,0,technical,low0.75,0.49,4,208,4,0,0,0,technical,low0.88,1,3,248,3,0,0,0,technical,medium0.78,0.86,3,210,3,0,0,0,management,medium0.88,0.71,5,219,2,0,0,0,IT,medium0.51,0.94,4,155,3,0,0,0,IT,medium0.31,0.7,4,182,3,0,0,0,IT,medium0.22,1,6,244,3,0,0,0,IT,medium0.56,0.83,5,157,3,0,0,0,IT,medium0.38,0.63,2,182,2,0,0,0,product_mng,medium0.56,0.47,5,185,4,0,0,0,product_mng,medium0.55,0.9,4,206,3,0,0,0,product_mng,medium0.74,0.99,4,156,3,0,0,0,product_mng,medium0.64,0.92,5,211,2,1,0,0,IT,medium0.69,0.91,6,247,6,0,0,0,RandD,medium0.99,0.54,3,247,3,0,0,0,RandD,medium0.66,0.75,4,235,3,0,0,0,RandD,medium0.79,0.93,5,169,3,0,0,0,RandD,medium0.92,0.54,3,246,3,0,0,0,RandD,medium0.84,0.49,3,172,4,0,0,0,RandD,medium0.31,0.59,4,218,5,0,0,0,marketing,medium0.34,0.52,6,265,6,0,0,0,sales,medium0.88,0.96,5,173,4,0,0,0,accounting,medium0.8,0.84,3,195,3,0,0,0,support,medium0.75,0.92,3,160,3,1,0,0,technical,medium0.71,0.7,4,237,4,0,0,0,management,medium0.66,0.49,3,206,2,0,0,0,marketing,medium0.54,0.72,6,222,5,0,0,0,marketing,high0.47,0.4,3,113,3,0,0,0,marketing,high0.87,0.79,3,244,3,0,0,0,sales,high0.9,0.52,3,162,2,0,0,0,sales,high0.51,0.63,3,234,2,0,0,0,sales,high0.62,0.71,4,168,2,0,0,0,sales,high0.47,0.43,3,120,3,0,0,0,sales,high0.59,0.94,5,274,2,0,0,0,sales,high0.87,0.62,4,202,3,0,0,0,sales,high0.59,0.97,3,209,3,0,0,0,sales,high0.87,0.71,6,224,6,0,0,0,sales,high0.89,0.93,3,168,2,0,0,0,sales,high0.73,0.68,4,227,3,0,0,0,sales,low0.79,0.98,3,217,3,0,0,0,sales,low0.8,0.74,2,205,3,1,0,0,sales,low0.73,0.89,5,223,3,0,0,0,sales,low0.96,0.9,3,175,3,1,0,0,sales,low0.66,0.96,3,175,2,0,0,0,sales,low0.53,0.97,4,254,3,0,0,0,sales,low0.86,0.56,5,215,2,0,0,0,sales,low0.92,0.86,3,166,4,0,0,0,sales,low0.31,0.95,5,205,3,0,0,0,accounting,low0.69,0.73,4,233,2,0,0,0,accounting,low0.7,0.83,3,189,3,0,0,0,accounting,low0.63,0.74,4,202,3,0,0,0,hr,low0.24,0.53,6,165,5,0,0,0,hr,low0.13,0.94,4,213,5,1,0,0,hr,low0.47,0.41,2,140,3,0,0,0,hr,medium0.53,0.58,4,251,2,0,0,0,technical,medium0.96,0.96,5,243,3,0,0,0,technical,medium0.92,0.88,4,111,4,0,0,0,technical,medium0.56,0.59,3,178,2,0,0,0,technical,medium0.51,0.88,5,230,4,0,0,0,technical,medium0.22,0.85,6,172,6,1,0,0,technical,medium0.83,0.92,3,268,2,1,0,0,technical,medium0.85,0.48,2,208,4,0,0,0,technical,medium0.85,0.92,3,188,4,0,0,0,technical,medium0.85,0.9,5,247,2,0,0,0,technical,medium0.73,0.82,4,205,4,0,0,0,technical,medium0.18,0.52,3,213,4,0,0,0,support,high0.63,0.87,4,145,3,1,0,0,support,high0.5,0.48,2,106,2,0,0,0,support,high0.63,0.47,3,180,3,1,0,0,support,high0.15,0.95,4,251,5,0,0,0,support,high0.96,0.69,4,156,5,0,0,0,support,high0.96,0.91,5,179,2,0,0,0,support,high0.31,0.51,4,229,6,0,0,0,support,high0.59,0.49,4,149,4,0,0,0,support,low0.75,0.98,4,198,3,0,0,0,support,low0.96,0.51,3,241,6,1,0,0,support,low0.69,0.67,4,156,3,0,0,0,technical,low0.92,0.89,3,220,2,0,0,0,technical,low0.96,0.82,5,185,3,0,0,0,technical,low0.67,0.7,4,222,3,0,0,0,management,low0.49,0.56,3,221,3,1,0,0,IT,low0.85,0.65,4,280,3,1,0,0,IT,medium0.85,0.53,3,250,3,0,0,0,IT,medium0.91,0.77,4,167,3,1,0,0,IT,medium0.7,0.48,4,238,3,0,0,0,IT,medium0.98,0.99,4,132,2,0,0,0,product_mng,medium0.48,0.48,2,245,5,0,0,0,product_mng,medium0.39,0.6,2,161,2,0,0,0,product_mng,medium0.66,0.89,3,242,3,0,0,0,product_mng,medium0.6,0.61,3,104,5,0,0,0,IT,medium0.88,0.9,4,152,4,0,0,0,RandD,medium0.85,0.83,3,226,2,0,0,0,RandD,medium0.76,0.81,3,175,3,0,0,0,RandD,medium1,0.67,5,241,4,0,0,0,RandD,medium0.79,0.74,2,158,3,0,0,0,RandD,medium0.63,0.52,5,226,4,0,0,0,marketing,medium0.5,0.83,2,220,2,1,0,0,sales,medium0.83,0.74,4,233,3,0,0,0,accounting,medium0.71,0.81,3,141,3,0,0,0,support,medium0.94,0.87,4,157,3,0,0,0,technical,medium0.56,0.57,2,112,4,0,0,0,management,medium0.78,0.71,4,216,2,0,0,0,marketing,medium0.34,0.46,5,131,3,0,0,0,marketing,medium0.62,0.67,3,212,3,0,0,0,marketing,medium0.82,0.74,3,163,2,0,0,0,sales,high0.42,0.5,2,151,3,0,0,0,sales,low0.51,0.79,3,137,3,0,0,0,sales,medium0.63,0.78,2,158,5,1,0,0,sales,medium0.43,0.81,3,102,3,0,0,0,sales,medium0.5,0.49,5,256,3,0,0,0,sales,medium0.81,0.87,4,203,2,0,0,0,sales,medium0.63,0.7,5,177,2,1,0,0,sales,medium0.86,0.7,4,197,3,0,0,0,sales,medium0.92,0.91,3,202,2,0,0,0,sales,medium0.72,0.78,3,229,2,0,0,0,sales,medium0.78,0.63,4,181,2,0,0,0,sales,medium0.76,0.65,3,254,2,0,0,0,sales,low0.84,0.63,2,162,3,0,0,0,sales,low0.78,0.54,4,102,3,0,0,0,sales,low0.57,0.59,4,197,3,0,0,0,sales,low0.15,0.42,3,98,3,0,0,0,sales,low0.69,0.77,3,232,2,0,0,0,sales,low0.73,0.6,3,252,4,1,0,0,sales,low0.96,0.54,5,161,3,1,0,0,accounting,high0.91,0.78,4,169,4,0,0,0,accounting,low0.58,0.97,2,216,3,0,0,0,accounting,high0.84,0.56,3,266,3,0,0,0,hr,high0.51,0.58,3,141,3,0,0,0,hr,low0.71,0.95,4,249,3,0,0,0,hr,low0.63,0.82,5,268,3,0,0,0,hr,high0.66,0.51,3,192,3,0,0,0,technical,low0.5,0.8,6,201,5,0,0,0,technical,medium0.56,0.89,3,163,3,1,0,0,technical,high0.57,0.46,3,167,4,0,0,0,technical,medium0.7,0.65,5,202,3,1,0,0,technical,medium0.84,0.62,5,245,4,0,0,0,technical,medium0.33,0.59,3,243,2,0,0,0,technical,medium0.64,0.94,3,204,2,0,0,0,technical,high0.93,0.54,4,239,2,0,0,0,technical,medium1,0.58,4,229,2,1,0,0,technical,medium0.91,0.49,3,213,4,0,0,0,technical,medium0.56,0.59,5,254,4,0,0,0,support,high0.62,0.52,6,253,4,0,0,0,support,medium0.98,0.68,4,253,3,0,0,0,support,high0.96,0.85,5,211,4,0,0,0,support,low0.61,0.99,5,98,2,0,0,0,support,medium0.92,0.66,4,133,3,0,0,0,support,medium0.58,0.67,5,265,3,0,0,0,support,medium0.47,0.49,2,112,3,1,0,0,support,medium0.87,0.7,3,224,3,0,0,0,support,low0.8,0.64,5,180,2,0,0,0,support,low0.54,0.53,3,203,2,0,0,0,support,low0.14,0.83,6,275,6,0,0,0,technical,low0.98,0.76,5,168,3,0,0,0,technical,low0.13,0.58,4,203,4,0,0,0,technical,low0.64,0.81,3,209,3,0,0,0,management,low0.91,0.75,3,166,2,0,0,0,IT,low0.24,0.71,3,187,5,0,0,0,IT,low0.34,0.42,6,287,5,1,0,0,IT,low0.51,0.85,2,248,4,0,0,0,IT,high0.91,0.7,3,193,2,0,0,0,IT,low0.86,0.9,4,162,3,0,0,0,product_mng,low1,0.61,3,188,4,0,0,0,product_mng,low0.37,0.41,6,101,3,0,0,0,product_mng,low0.46,0.73,6,256,4,0,0,0,product_mng,high0.86,0.8,5,134,2,0,0,0,IT,low0.36,0.68,2,126,4,0,0,0,marketing,high0.52,0.93,2,243,3,0,0,0,accounting,high0.51,0.73,3,205,4,0,0,0,accounting,high0.69,0.94,5,259,2,0,0,0,IT,medium0.67,0.5,5,219,3,0,0,0,IT,medium0.6,0.99,5,161,3,0,0,0,management,high0.71,0.57,3,207,3,0,0,0,marketing,medium0.65,0.79,3,201,3,1,0,0,sales,high0.48,0.92,3,234,3,0,0,0,accounting,medium0.67,0.58,4,158,3,0,0,0,support,medium0.68,0.63,5,185,4,0,0,0,technical,medium0.74,0.85,3,176,3,0,0,0,management,medium0.9,0.77,5,163,3,0,0,0,marketing,medium0.67,0.83,3,171,3,1,0,0,marketing,medium0.64,0.66,5,163,4,0,0,0,marketing,medium0.54,0.87,4,163,3,0,0,0,sales,medium0.6,0.73,2,180,2,0,0,0,sales,high0.72,0.67,3,243,3,0,0,0,sales,low0.97,0.49,4,213,2,0,0,0,sales,medium0.99,0.89,3,273,2,0,0,0,sales,medium0.75,0.93,4,195,3,0,0,0,sales,medium0.84,0.98,4,246,3,0,0,0,sales,medium0.76,0.5,3,196,3,1,0,0,sales,medium0.96,0.51,5,205,2,1,0,0,sales,medium0.12,0.81,4,287,6,0,0,0,sales,medium0.54,0.79,3,211,3,0,0,0,sales,medium0.69,0.98,3,261,4,0,0,0,sales,medium0.77,0.71,5,204,3,0,0,0,sales,high0.96,0.86,2,163,3,0,0,0,sales,low0.53,0.62,4,162,2,0,0,0,sales,low0.54,0.72,4,259,2,1,0,0,sales,low0.89,0.64,4,151,5,0,0,0,sales,high0.52,0.84,2,266,2,0,0,0,sales,low0.29,0.65,5,110,5,1,0,0,sales,low0.93,0.6,4,271,3,0,0,0,accounting,low0.71,0.68,4,208,2,0,0,0,accounting,high0.23,0.5,2,150,6,0,0,0,accounting,low0.89,0.96,3,122,4,0,0,0,hr,low0.51,0.5,4,246,3,0,0,0,hr,low0.27,0.64,2,188,3,0,0,0,hr,low0.9,0.53,3,167,3,0,0,0,hr,low0.88,0.57,4,261,4,0,0,0,technical,low0.91,0.83,4,235,3,0,0,0,technical,low0.65,0.63,4,199,2,0,0,0,technical,medium0.68,0.5,4,166,4,1,0,0,technical,medium0.58,0.63,4,272,3,0,0,0,technical,medium0.68,0.62,3,158,3,0,0,0,technical,medium0.59,0.76,3,264,3,0,0,0,technical,medium0.56,0.57,5,274,3,0,0,0,technical,medium0.74,0.44,5,169,3,1,0,0,technical,medium0.5,0.91,4,148,2,0,0,0,technical,medium0.85,0.65,4,162,2,0,0,0,technical,medium0.57,0.48,5,221,3,0,0,0,support,medium0.89,0.58,3,167,3,0,0,0,support,medium0.76,0.66,5,206,2,0,0,0,support,medium0.96,0.7,3,169,3,0,0,0,support,high0.81,0.68,4,179,3,0,0,0,support,low0.79,0.85,4,100,6,0,0,0,support,medium0.63,0.66,3,177,2,1,0,0,support,medium0.92,0.82,5,252,3,0,0,0,support,medium0.77,0.74,4,202,4,0,0,0,support,medium0.73,0.87,4,263,2,0,0,0,support,low0.74,0.98,4,160,2,0,0,0,support,low0.8,0.74,5,229,3,1,0,0,technical,low0.82,0.85,5,195,4,0,0,0,technical,low0.48,0.81,3,212,2,0,0,0,technical,low0.79,0.54,6,190,4,0,0,0,management,low0.87,0.41,3,219,3,1,0,0,IT,low0.96,0.88,2,193,2,0,0,0,IT,low0.96,0.58,5,197,4,1,0,0,IT,low0.69,0.66,3,206,2,0,0,0,IT,low0.42,0.58,2,140,3,0,0,0,IT,low0.7,0.76,3,173,2,0,0,0,product_mng,low0.97,0.76,6,142,2,0,0,0,product_mng,low0.6,0.59,3,237,4,1,0,0,product_mng,low0.63,0.63,5,252,2,0,0,0,product_mng,low0.65,0.82,4,196,2,0,0,0,IT,low0.85,0.81,3,205,3,0,0,0,marketing,high0.54,0.83,3,201,3,0,0,0,accounting,high0.23,0.74,5,120,4,0,0,0,accounting,high0.95,0.73,2,187,2,0,0,0,IT,medium1,0.51,5,274,4,0,0,0,IT,medium0.77,0.93,3,227,3,0,0,0,management,high0.8,0.53,3,245,3,0,0,0,sales,medium0.88,0.56,4,243,4,0,0,0,accounting,medium0.73,0.68,3,132,2,0,0,0,support,medium0.54,0.9,3,206,3,0,0,0,technical,medium0.92,0.58,5,205,2,1,0,0,management,medium0.14,0.88,3,162,4,0,0,0,marketing,medium0.65,0.79,5,266,3,0,0,0,marketing,medium0.17,0.89,5,261,5,0,0,0,marketing,medium0.18,0.67,5,209,4,0,0,0,sales,medium0.58,0.5,5,184,4,0,0,0,sales,medium0.63,0.67,4,229,3,0,0,0,sales,medium0.68,0.81,3,180,2,1,0,0,sales,high0.91,0.98,5,135,3,0,0,0,sales,low0.95,0.94,3,174,3,0,0,0,sales,medium0.89,0.76,2,278,2,0,0,0,sales,medium0.76,0.76,3,197,2,0,0,0,sales,medium0.96,0.72,3,157,3,0,0,0,sales,medium0.78,0.63,4,156,3,0,0,0,sales,low0.98,0.9,3,186,4,0,0,0,sales,low0.76,0.42,3,217,2,0,0,0,sales,low0.63,0.49,5,192,2,0,0,0,sales,low0.39,0.37,3,127,3,0,0,0,sales,low0.91,0.67,3,257,2,0,0,0,sales,low0.8,0.8,4,229,4,0,0,0,sales,low0.89,0.64,4,274,2,1,0,0,sales,low0.75,0.41,5,196,4,0,0,0,sales,low0.94,0.85,3,137,3,0,0,0,sales,low0.5,0.75,4,239,2,0,0,0,accounting,low0.75,0.95,4,177,3,0,0,0,accounting,low0.84,0.78,5,164,3,0,0,0,accounting,low0.55,0.81,5,229,3,0,0,0,hr,low0.59,0.82,3,149,3,0,0,0,hr,low0.58,0.43,3,224,6,0,0,0,hr,low0.91,0.59,5,179,3,0,0,0,hr,low0.43,0.92,5,151,4,0,0,0,technical,low0.51,0.79,5,222,2,0,0,0,technical,low0.81,0.96,4,219,2,0,0,0,technical,low0.72,0.39,3,257,3,0,0,0,technical,low0.89,0.99,4,258,3,1,0,0,technical,medium0.61,0.74,5,185,2,1,0,0,technical,medium0.57,0.7,3,248,2,0,0,0,technical,medium0.74,0.82,5,154,2,0,0,0,technical,medium0.87,0.64,3,187,2,0,0,0,technical,medium0.58,0.62,3,182,3,0,0,0,technical,medium0.63,0.59,3,189,3,0,0,0,technical,medium0.89,0.85,4,195,4,0,0,0,support,medium0.49,0.74,2,154,3,0,0,0,support,medium0.59,0.59,4,244,3,0,0,0,support,medium0.71,0.99,3,228,2,0,0,0,support,medium0.58,0.62,3,218,3,0,0,0,support,medium0.84,0.61,5,202,3,0,0,0,support,high0.92,0.48,4,208,3,0,0,0,support,low0.91,0.59,3,266,2,0,0,0,support,medium0.92,0.78,4,177,2,0,0,0,support,medium0.95,0.65,3,183,3,0,0,0,support,medium0.53,0.62,4,201,3,0,0,0,support,medium0.89,0.89,5,179,2,0,0,0,technical,low0.81,0.84,3,198,2,0,0,0,technical,low0.78,0.67,5,209,3,0,0,0,technical,low0.66,0.48,3,203,4,1,0,0,management,low0.37,0.71,6,266,5,0,0,0,IT,low0.55,0.84,4,200,4,0,0,0,IT,low0.79,0.88,3,195,4,0,0,0,IT,low0.89,0.83,5,269,3,0,0,0,IT,low0.54,0.76,5,226,2,0,0,0,IT,low0.74,0.8,4,200,4,0,0,0,product_mng,low0.7,0.47,2,176,5,0,0,0,product_mng,low0.37,0.85,2,185,3,0,0,0,product_mng,low0.84,0.71,3,179,2,0,0,0,product_mng,low0.55,0.58,5,208,3,0,0,0,IT,low0.93,0.79,5,241,4,0,0,0,marketing,high0.97,0.55,4,166,3,1,0,0,accounting,high0.64,0.53,3,216,3,0,0,0,accounting,high0.62,0.64,4,185,2,0,0,0,IT,medium0.26,0.91,5,183,6,0,0,0,IT,medium0.93,0.49,4,255,2,0,0,0,management,high0.27,0.61,3,213,6,0,0,0,sales,low0.9,0.63,4,173,3,0,0,0,accounting,medium0.16,0.7,6,246,4,0,0,0,support,medium0.75,0.63,3,148,4,0,0,0,technical,medium0.72,0.74,2,238,3,0,0,0,management,medium0.68,0.51,3,185,3,0,0,0,marketing,medium0.13,0.77,4,201,5,0,0,0,marketing,medium0.96,0.92,3,150,2,0,0,0,marketing,medium0.71,0.72,4,137,3,0,0,0,sales,medium0.85,0.66,5,189,3,0,0,0,sales,medium0.87,0.91,3,229,3,1,0,0,sales,medium0.86,0.93,3,199,3,1,0,0,sales,medium0.49,0.85,3,250,2,0,0,0,sales,medium0.99,0.59,5,263,3,0,0,0,sales,high0.75,0.95,3,268,3,1,0,0,sales,low0.61,0.64,3,187,2,0,0,0,sales,medium0.89,0.84,6,196,4,0,0,0,sales,medium0.77,0.7,4,232,3,0,0,0,sales,medium0.7,0.79,3,226,4,0,0,0,sales,medium0.5,0.58,4,96,3,0,0,0,sales,low0.61,1,4,133,4,0,0,0,sales,low0.98,0.53,4,214,2,0,0,0,sales,low0.61,0.77,4,252,2,0,0,0,sales,low0.85,0.56,3,199,4,0,0,0,sales,low0.42,0.85,3,150,3,0,0,0,sales,low0.56,0.75,4,141,3,0,0,0,sales,low0.88,0.8,4,239,3,0,0,0,sales,low0.92,0.69,3,139,2,0,0,0,accounting,low0.85,0.77,3,146,4,0,0,0,accounting,low0.66,0.74,4,179,3,0,0,0,accounting,low0.82,0.93,3,160,3,0,0,0,hr,low0.14,0.58,6,205,3,0,0,0,hr,low0.6,0.98,5,213,3,0,0,0,hr,low0.92,0.65,4,260,2,0,0,0,hr,low0.51,0.72,3,242,3,0,0,0,technical,low0.85,0.46,3,123,5,1,0,0,technical,low0.43,0.84,2,285,5,0,0,0,technical,low0.98,0.56,3,103,5,0,0,0,technical,medium0.84,0.55,5,264,3,0,0,0,technical,medium0.7,0.52,3,227,2,0,0,0,technical,medium0.82,0.82,5,267,2,0,0,0,technical,medium0.94,0.67,3,142,3,0,0,0,technical,medium0.55,0.79,3,254,3,1,0,0,technical,medium0.98,0.5,3,251,3,0,0,0,technical,medium0.78,0.63,4,158,3,0,0,0,technical,medium0.99,0.77,5,160,3,0,0,0,support,medium0.74,0.58,4,215,3,1,0,0,support,medium0.5,0.74,4,237,2,1,0,0,support,medium0.25,0.8,5,237,6,0,0,0,support,medium0.49,0.55,4,268,4,0,0,0,support,high0.63,0.74,4,234,3,0,0,0,support,low0.68,0.73,3,250,2,0,0,0,support,medium0.62,0.54,4,212,4,0,0,0,support,medium0.89,0.52,4,189,3,0,0,0,support,medium0.31,0.37,2,104,3,1,0,0,support,medium0.89,0.61,3,211,2,0,0,0,support,low0.72,0.65,3,109,5,1,0,0,technical,low0.84,0.75,2,168,2,0,0,0,technical,low0.88,0.71,3,184,3,0,0,0,technical,low0.74,1,4,242,2,0,0,0,management,low0.96,0.95,6,215,4,0,0,0,IT,low0.82,0.89,5,182,3,0,0,0,IT,low0.7,0.64,5,260,3,0,0,0,IT,low0.61,0.84,4,265,2,0,0,0,IT,low0.65,0.83,5,182,2,1,0,0,IT,low0.77,0.64,3,191,3,1,0,0,product_mng,low0.81,0.77,5,167,4,0,0,0,product_mng,low0.87,0.66,3,270,2,0,0,0,product_mng,low0.96,0.73,4,273,2,0,0,0,product_mng,low0.48,0.7,3,251,3,0,0,0,IT,low0.78,0.96,3,217,3,0,0,0,marketing,high0.75,1,4,222,2,1,0,0,accounting,high0.23,0.87,5,258,4,1,0,0,accounting,high0.85,0.76,3,197,5,0,0,0,IT,medium0.67,0.56,3,193,2,1,0,0,IT,medium0.71,0.81,2,182,3,0,0,0,management,high0.72,0.7,3,163,3,1,0,0,sales,medium0.8,0.77,4,224,2,0,0,0,accounting,medium0.64,0.86,4,143,2,0,0,0,support,medium0.54,0.42,6,218,3,0,0,0,technical,medium0.73,0.67,3,208,4,0,0,0,management,medium0.73,1,2,229,3,0,0,0,marketing,medium0.55,0.62,5,184,4,0,0,0,marketing,medium0.63,0.41,3,180,5,1,0,0,marketing,medium0.15,0.8,5,121,5,0,0,0,sales,medium0.6,0.5,5,203,3,0,0,0,sales,medium0.38,0.51,3,151,2,0,0,0,sales,medium0.81,0.77,4,239,3,0,0,0,sales,medium0.75,0.53,3,166,3,0,0,0,sales,high0.52,0.92,3,268,3,0,0,0,sales,low0.51,1,5,196,4,0,0,0,sales,medium0.66,0.62,4,241,3,0,0,0,sales,medium0.8,0.87,5,251,3,0,0,0,sales,medium0.85,0.69,3,263,3,0,0,0,sales,medium0.77,0.73,3,224,2,1,0,0,sales,low0.29,0.4,4,138,4,0,0,0,sales,low0.15,0.67,6,167,6,0,0,0,sales,low0.73,0.83,5,266,5,0,0,0,sales,low0.55,0.74,2,116,3,0,0,0,sales,low0.2,0.69,2,160,4,0,0,0,sales,low0.56,0.68,3,144,3,1,0,0,sales,low0.55,0.54,3,190,3,0,0,0,sales,low0.9,0.49,6,175,4,0,0,0,sales,low0.73,0.55,3,206,4,0,0,0,accounting,low0.48,0.99,5,180,2,0,0,0,accounting,low0.64,0.74,4,157,4,0,0,0,accounting,low0.95,0.75,4,203,3,0,0,0,hr,low0.82,0.66,4,238,3,1,0,0,hr,low0.95,0.65,3,273,4,0,0,0,hr,low0.92,0.9,4,179,3,0,0,0,hr,low0.22,0.84,3,131,5,1,0,0,technical,low0.17,0.77,4,151,6,0,0,0,technical,low0.51,0.55,3,261,3,0,0,0,technical,low0.67,0.64,3,203,2,1,0,0,technical,low0.6,0.66,5,143,2,0,0,0,technical,low0.99,0.55,3,97,6,1,0,0,technical,medium0.35,0.71,6,204,4,1,0,0,technical,medium0.13,0.72,4,154,4,0,0,0,technical,medium0.97,0.93,2,160,6,0,0,0,technical,medium0.49,0.61,4,232,3,1,0,0,technical,medium0.62,0.71,3,255,2,0,0,0,technical,medium0.35,0.54,3,128,3,0,0,0,support,medium0.81,0.79,4,222,3,0,0,0,support,medium0.57,0.75,5,171,4,0,0,0,support,medium1,0.66,4,173,2,0,0,0,support,medium0.93,0.71,4,272,2,0,0,0,support,medium0.89,0.85,3,166,3,0,0,0,support,medium0.64,0.61,4,143,2,1,0,0,support,high0.54,0.95,4,149,3,0,0,0,support,low0.52,0.85,4,257,2,0,0,0,support,medium0.12,0.65,5,262,6,0,0,0,support,medium0.14,0.49,4,115,4,0,0,0,support,medium0.57,0.54,4,142,4,0,0,0,technical,medium0.57,0.64,4,144,4,0,0,0,technical,low1,0.56,5,247,3,0,0,0,technical,low0.94,0.58,4,216,3,0,0,0,management,low0.93,0.48,3,276,3,0,0,0,IT,low0.91,0.88,5,123,5,0,0,0,IT,low0.85,0.77,4,264,3,0,0,0,IT,low0.8,0.98,3,189,6,0,0,0,IT,low0.68,0.69,3,148,2,0,0,0,IT,low0.91,0.6,5,150,3,0,0,0,product_mng,medium0.93,0.9,3,172,3,0,0,0,product_mng,medium0.81,0.68,3,236,2,0,0,0,product_mng,medium0.51,0.74,4,151,3,0,0,0,product_mng,medium0.49,0.52,3,168,3,0,0,0,IT,medium0.55,0.55,5,256,3,0,0,0,RandD,medium0.17,0.51,6,213,3,0,0,0,RandD,medium0.8,0.79,4,148,3,0,0,0,RandD,medium0.61,0.67,3,266,3,0,0,0,RandD,medium0.59,0.73,3,195,2,0,0,0,RandD,medium0.67,0.77,4,242,3,0,0,0,marketing,medium0.96,0.81,4,183,3,0,0,0,sales,medium0.72,0.66,3,134,3,0,0,0,accounting,medium0.72,0.76,4,189,2,0,0,0,support,medium0.99,0.61,5,196,3,0,0,0,technical,medium0.22,0.61,4,150,6,0,0,0,management,medium0.32,0.52,4,191,2,0,0,0,marketing,medium0.64,0.86,4,248,6,0,0,0,marketing,medium0.9,0.49,3,256,2,0,0,0,marketing,medium0.86,0.9,3,158,2,0,0,0,sales,medium0.67,0.76,2,210,2,0,0,0,sales,medium0.9,0.59,3,247,2,0,0,0,sales,medium0.52,0.8,3,156,3,0,0,0,sales,medium0.57,0.89,3,202,2,0,0,0,sales,medium0.55,0.83,3,157,2,0,0,0,sales,medium0.2,0.83,4,258,4,0,0,0,sales,high0.89,0.66,4,176,3,0,0,0,sales,high0.15,0.56,4,214,5,0,0,0,sales,high0.8,0.6,3,212,3,0,0,0,sales,high0.55,0.48,4,271,6,1,0,0,sales,high0.53,0.64,5,281,4,0,0,0,sales,high0.62,0.77,3,204,4,0,0,0,sales,high1,0.58,3,112,2,0,0,0,sales,high0.31,0.75,3,120,4,0,0,0,sales,high0.62,0.51,5,134,3,0,0,0,sales,high0.73,0.61,5,222,3,0,0,0,sales,high0.52,0.61,3,203,3,0,0,0,sales,high0.33,0.65,2,239,5,0,0,0,sales,low0.88,0.5,3,142,3,0,0,0,accounting,low0.65,0.54,2,177,3,0,0,0,accounting,low0.91,0.7,6,201,2,1,0,0,accounting,low0.83,0.91,3,196,4,0,0,0,hr,low0.2,0.87,3,140,6,1,0,0,hr,low0.96,0.8,5,195,4,1,0,0,hr,low0.75,0.89,5,154,4,0,0,0,hr,low0.93,0.57,3,141,2,0,0,0,technical,low0.87,0.49,4,213,3,0,0,0,technical,low0.94,0.58,5,222,3,0,0,0,technical,low0.85,0.72,3,150,2,1,0,0,technical,low0.63,0.5,4,172,2,0,0,0,technical,low0.78,0.63,5,261,3,0,0,0,technical,low0.87,0.92,2,248,3,0,0,0,technical,low0.77,0.76,5,149,2,0,0,0,technical,medium1,0.61,5,178,3,0,0,0,technical,medium0.93,0.81,3,212,3,0,0,0,technical,medium0.5,0.4,2,108,2,0,0,0,technical,medium0.9,0.66,4,160,2,1,0,0,support,medium0.61,0.56,2,160,3,0,0,0,support,medium0.57,0.97,5,196,2,0,0,0,support,medium0.43,0.5,4,121,5,1,0,0,support,medium0.6,0.56,5,268,2,0,0,0,support,medium0.56,0.92,3,232,2,0,0,0,support,medium0.57,0.62,5,263,2,0,0,0,support,medium0.56,0.82,3,208,2,0,0,0,support,medium0.64,0.9,6,143,5,0,0,0,support,high0.53,0.56,5,236,4,1,0,0,support,high0.19,0.6,5,198,4,0,0,0,support,high0.5,0.8,4,261,3,0,0,0,technical,high0.86,0.97,4,258,3,0,0,0,technical,high0.92,0.66,3,230,3,0,0,0,technical,high0.82,0.97,3,137,3,0,0,0,management,high0.54,0.51,5,258,3,0,0,0,IT,high0.23,0.51,5,139,6,0,0,0,IT,low0.65,0.71,4,186,2,0,0,0,IT,low0.99,0.98,4,259,3,0,0,0,IT,low0.54,0.59,4,202,3,0,0,0,IT,low0.99,0.68,4,235,3,0,0,0,product_mng,low0.76,0.89,4,224,2,0,0,0,product_mng,low0.57,0.54,4,210,3,0,0,0,product_mng,low0.53,0.75,4,240,4,0,0,0,product_mng,low0.86,0.55,5,149,4,0,0,0,IT,medium0.97,0.96,4,250,6,0,0,0,RandD,medium0.13,0.76,5,171,5,0,0,0,RandD,medium0.73,0.89,3,139,3,0,0,0,RandD,medium0.62,0.95,4,132,3,0,0,0,RandD,medium0.59,0.37,3,125,2,0,0,0,RandD,medium0.63,0.7,6,141,3,1,0,0,marketing,medium0.64,0.52,3,269,2,0,0,0,sales,medium0.5,0.85,5,249,3,1,0,0,accounting,medium0.58,0.89,3,256,2,0,0,0,support,medium0.32,0.87,4,179,4,0,0,0,technical,medium0.72,0.67,5,210,2,0,0,0,management,medium0.61,0.74,3,160,3,0,0,0,marketing,medium0.97,0.55,2,267,4,0,0,0,marketing,medium0.87,0.64,2,169,3,1,0,0,marketing,medium0.88,0.81,4,235,6,0,0,0,sales,medium0.52,0.99,3,136,3,0,0,0,sales,medium0.95,0.81,5,210,4,0,0,0,sales,medium0.96,0.62,5,230,2,0,0,0,sales,medium0.98,0.58,5,186,3,0,0,0,sales,medium0.51,0.51,2,271,3,0,0,0,sales,medium1,0.63,2,105,2,0,0,0,sales,medium0.97,0.67,2,147,2,0,0,0,sales,medium0.79,0.56,4,177,3,0,0,0,sales,high0.64,0.45,3,135,6,0,0,0,sales,low0.84,0.76,5,243,3,0,0,0,sales,medium0.94,0.57,3,166,4,0,0,0,sales,medium0.7,0.79,4,194,3,0,0,0,sales,medium0.64,1,4,201,2,0,0,0,sales,medium0.56,0.88,4,248,2,0,0,0,sales,medium0.32,0.81,5,111,4,0,0,0,sales,medium0.75,0.72,5,174,3,0,0,0,sales,medium0.78,0.58,3,241,3,1,0,0,sales,medium0.7,0.49,4,173,3,0,0,0,sales,medium0.21,0.39,6,132,5,0,0,0,accounting,medium0.64,0.96,3,274,3,0,0,0,accounting,low0.54,0.52,3,115,3,0,0,0,accounting,low0.79,0.98,4,170,3,0,0,0,hr,low0.91,0.58,3,172,3,0,0,0,hr,low0.76,0.73,4,148,2,1,0,0,hr,low0.77,0.95,3,246,3,0,0,0,hr,low0.92,0.88,4,151,3,0,0,0,technical,low0.53,0.57,5,141,3,1,0,0,technical,high0.44,0.52,3,269,4,0,0,0,technical,low0.54,0.52,5,170,4,0,0,0,technical,high0.93,0.5,2,135,3,0,0,0,technical,high0.67,0.68,4,254,3,0,0,0,technical,low0.66,0.99,3,228,2,0,0,0,technical,low0.7,0.6,3,266,2,0,0,0,technical,high0.79,0.57,4,152,3,0,0,0,technical,low0.5,0.75,5,178,6,0,0,0,technical,medium1,0.75,3,237,3,0,0,0,technical,high0.61,0.52,5,255,3,0,0,0,support,medium0.72,0.5,4,245,3,0,0,0,support,medium0.78,0.95,3,155,3,1,0,0,support,medium0.87,0.84,5,216,3,1,0,0,support,medium0.57,0.58,3,251,2,0,0,0,support,high0.85,0.96,2,260,3,0,0,0,support,medium0.83,0.67,5,132,2,1,0,0,support,medium0.4,0.37,3,169,3,1,0,0,support,medium0.91,0.69,4,259,3,0,0,0,support,high0.48,0.98,3,257,2,0,0,0,support,medium0.94,0.58,5,190,3,1,0,0,support,high0.65,0.76,4,171,4,0,0,0,technical,low0.54,0.49,4,190,3,0,0,0,technical,medium0.76,0.81,5,270,4,0,0,0,technical,medium0.88,0.59,4,227,3,0,0,0,management,medium0.9,0.55,3,195,3,0,0,0,IT,medium0.64,0.75,3,169,3,0,0,0,IT,low0.74,0.75,4,169,4,0,0,0,IT,low0.45,0.54,2,184,2,0,0,0,IT,low0.61,0.62,3,240,3,0,0,0,IT,low0.16,0.97,6,282,4,0,0,0,product_mng,low0.67,0.74,3,226,3,0,0,0,product_mng,low0.74,0.74,2,254,3,0,0,0,product_mng,low0.53,0.57,4,250,3,1,0,0,product_mng,low0.75,0.98,3,143,2,0,0,0,IT,low0.76,0.98,4,258,3,0,0,0,RandD,low0.72,0.72,5,265,3,0,0,0,RandD,high0.65,0.54,6,181,4,0,0,0,RandD,low0.69,0.66,4,178,3,0,0,0,RandD,low0.7,0.74,3,194,3,0,0,0,RandD,low0.66,0.84,4,253,4,0,0,0,marketing,low0.13,0.48,3,210,3,0,0,0,sales,high0.67,0.53,3,264,2,0,0,0,accounting,low0.99,0.7,3,219,3,0,0,0,support,low0.51,0.86,3,198,2,0,0,0,technical,low0.61,0.7,4,161,3,1,0,0,management,high0.9,0.6,3,255,4,1,0,0,marketing,low0.61,0.62,4,233,3,0,0,0,marketing,medium0.15,0.89,3,251,4,0,0,0,marketing,high0.53,0.85,5,268,3,1,0,0,sales,medium0.41,0.48,3,135,3,0,0,0,sales,high0.9,0.64,4,201,2,1,0,0,sales,medium0.67,0.9,5,171,3,0,0,0,sales,medium0.22,0.7,4,225,4,0,0,0,sales,medium0.35,0.56,3,144,3,0,0,0,sales,medium0.66,0.96,4,185,2,1,0,0,sales,medium0.63,0.82,5,275,3,1,0,0,sales,medium0.89,0.67,3,269,3,0,0,0,sales,medium0.88,0.75,4,201,2,0,0,0,sales,medium0.73,0.6,4,166,3,0,0,0,sales,high1,0.83,4,280,4,1,0,0,sales,low0.99,0.89,4,254,3,1,0,0,sales,medium0.12,0.84,5,230,4,0,0,0,sales,medium0.64,0.43,5,269,3,0,0,0,sales,medium0.65,0.72,3,248,4,0,0,0,sales,medium0.56,0.57,4,161,3,0,0,0,sales,medium0.88,0.62,4,237,2,0,0,0,sales,medium0.54,0.68,3,144,5,0,0,0,sales,medium0.77,0.8,2,255,2,1,0,0,accounting,medium0.66,0.67,5,148,3,0,0,0,accounting,medium0.54,0.65,3,185,2,0,0,0,accounting,high0.14,0.43,2,238,3,0,0,0,hr,low0.85,0.69,5,273,3,1,0,0,hr,low0.9,0.66,3,256,4,0,0,0,hr,low0.81,0.79,4,177,2,0,0,0,hr,high0.14,0.76,5,215,4,0,0,0,technical,low0.94,0.96,4,270,3,1,0,0,technical,low0.69,0.82,4,272,2,0,0,0,technical,low0.66,0.67,4,268,2,0,0,0,technical,high0.75,0.61,4,272,2,0,0,0,technical,low0.53,0.61,4,182,3,0,0,0,technical,low0.91,0.82,6,280,3,0,0,0,technical,low0.93,0.61,4,205,3,0,0,0,technical,low0.89,0.91,3,264,3,1,0,0,technical,low0.84,0.79,2,150,3,0,0,0,technical,low0.94,0.86,3,150,2,0,0,0,technical,low1,0.86,4,195,4,0,0,0,support,medium0.79,0.68,5,272,3,0,0,0,support,medium0.62,0.61,3,171,3,0,0,0,support,medium0.45,0.43,4,253,4,0,0,0,support,medium0.54,0.48,3,158,2,0,0,0,support,medium0.13,0.97,3,156,2,0,0,0,support,medium0.99,0.73,3,181,2,0,0,0,support,medium0.54,0.75,4,249,4,0,0,0,support,medium0.52,0.38,3,132,4,0,0,0,support,medium0.24,0.65,4,248,3,0,0,0,support,medium0.12,0.7,5,277,3,0,0,0,support,medium0.52,0.96,6,166,5,1,0,0,technical,medium0.44,0.63,3,193,3,0,0,0,technical,high0.81,0.53,3,148,3,0,0,0,technical,low0.25,0.64,4,226,5,0,0,0,management,medium0.63,0.91,3,233,4,0,0,0,IT,medium0.61,0.46,3,171,3,0,0,0,IT,medium0.51,0.56,4,157,3,0,0,0,IT,medium0.66,0.54,5,191,2,0,0,0,IT,low0.86,0.59,4,189,2,0,0,0,IT,low0.98,0.89,5,181,3,0,0,0,product_mng,low0.99,0.37,6,219,6,0,0,0,product_mng,low0.78,0.91,3,166,2,1,0,0,product_mng,low0.84,0.53,2,275,3,0,0,0,product_mng,low0.17,0.59,6,160,2,0,0,0,IT,low0.48,0.72,4,186,3,0,0,0,RandD,low0.63,0.66,3,256,4,1,0,0,RandD,low0.58,0.67,3,156,2,0,0,0,RandD,low0.7,0.48,5,99,4,0,0,0,RandD,low0.61,0.85,4,273,3,0,0,0,RandD,low0.91,0.81,4,135,2,0,0,0,marketing,low0.34,0.82,6,202,3,0,0,0,sales,low0.56,0.49,4,256,3,0,0,0,accounting,low0.93,0.81,3,143,3,0,0,0,support,low0.56,0.81,4,216,2,0,0,0,technical,low0.99,0.5,4,173,3,0,0,0,management,low0.77,0.83,4,154,3,0,0,0,marketing,low0.76,0.61,4,172,2,0,0,0,marketing,low0.65,0.65,5,180,2,0,0,0,marketing,low0.5,0.76,3,174,3,0,0,0,sales,medium0.59,0.61,3,210,2,0,0,0,sales,medium0.68,0.58,4,186,2,0,0,0,sales,medium0.85,0.82,5,184,3,0,0,0,sales,medium0.83,0.77,3,260,2,0,0,0,sales,medium0.7,0.58,4,207,2,1,0,0,sales,medium0.16,0.76,6,210,5,0,0,0,sales,medium0.66,0.95,5,206,2,0,0,0,sales,medium0.81,0.84,4,173,4,0,0,0,sales,medium0.96,0.74,5,194,4,1,0,0,sales,medium0.66,0.54,5,203,2,0,0,0,sales,medium0.83,0.53,3,186,4,0,0,0,sales,medium0.99,0.9,4,175,3,1,0,0,sales,high0.99,0.83,4,274,2,0,0,0,sales,low0.67,0.78,4,193,3,0,0,0,sales,medium0.54,0.61,2,264,3,0,0,0,sales,medium0.22,0.69,3,212,3,0,0,0,sales,medium0.25,0.82,5,244,5,1,0,0,sales,medium0.73,0.98,4,216,2,0,0,0,sales,low1,0.88,4,252,4,0,0,0,accounting,low0.4,0.58,3,135,3,0,0,0,accounting,low0.45,0.5,5,99,4,1,0,0,accounting,low0.61,0.81,5,136,3,0,0,0,hr,low0.81,0.64,6,176,5,0,0,0,hr,low0.61,0.76,4,135,2,0,0,0,hr,low0.57,0.94,3,230,2,0,0,0,hr,low0.9,0.65,4,221,3,0,0,0,technical,low0.43,0.82,4,138,5,0,0,0,technical,low0.99,0.98,4,169,3,1,0,0,technical,low0.62,0.49,4,174,3,0,0,0,technical,low0.63,0.65,3,162,2,0,0,0,technical,low0.89,0.99,4,274,4,0,0,0,technical,low0.61,0.84,3,206,2,0,0,0,technical,low0.62,0.89,4,254,3,1,0,0,technical,low0.86,0.61,4,181,4,0,0,0,technical,low0.75,0.62,5,144,3,0,0,0,technical,low0.63,0.54,4,147,4,0,0,0,technical,low0.69,0.8,3,212,4,0,0,0,support,low0.71,0.76,3,134,3,1,0,0,support,low0.63,0.95,4,134,3,0,0,0,support,medium0.89,0.7,3,256,4,0,0,0,support,medium0.71,0.36,2,132,5,0,0,0,support,medium0.88,0.82,4,109,2,0,0,0,support,medium0.73,0.52,4,141,3,0,0,0,support,medium0.52,0.83,4,180,2,0,0,0,support,medium0.77,0.65,2,162,4,1,0,0,support,medium0.94,0.48,4,143,2,0,0,0,support,medium0.99,0.87,5,211,2,0,0,0,support,medium0.89,0.56,4,225,4,0,0,0,technical,medium0.53,0.52,2,135,4,0,0,0,technical,medium0.23,0.64,3,228,4,1,0,0,technical,medium0.87,0.73,5,111,4,0,0,0,management,high0.21,0.69,3,144,6,1,0,0,IT,low0.71,0.51,4,202,3,0,0,0,IT,medium0.75,0.71,5,147,4,1,0,0,IT,medium0.63,0.89,3,239,3,0,0,0,IT,medium0.55,0.4,5,219,4,0,0,0,IT,medium0.93,0.55,3,134,3,1,0,0,product_mng,low0.53,0.89,3,167,2,0,0,0,product_mng,low0.94,0.89,4,192,2,0,0,0,product_mng,low0.46,0.82,2,189,5,0,0,0,product_mng,low0.59,0.53,4,213,2,0,0,0,IT,low0.75,0.56,5,231,2,0,0,0,RandD,low0.76,0.63,3,198,3,0,0,0,RandD,low0.96,0.89,3,163,2,0,0,0,RandD,low0.55,0.93,4,251,4,1,0,0,RandD,low0.52,0.82,3,170,3,0,0,0,RandD,low0.55,0.5,5,231,3,0,0,0,marketing,low0.52,0.98,4,165,2,0,0,0,sales,low0.49,0.5,5,183,3,0,0,0,accounting,low0.49,0.89,3,213,2,0,0,0,support,low1,0.89,3,230,3,1,0,0,technical,low0.97,0.62,3,167,3,0,0,0,management,low0.97,0.89,3,264,3,0,0,0,marketing,low0.21,0.43,2,249,3,0,0,0,marketing,low0.24,0.7,6,153,5,1,0,0,marketing,low0.76,0.79,3,111,2,0,0,0,sales,low0.78,0.6,3,232,2,0,0,0,sales,low0.59,0.52,6,190,4,0,0,0,sales,medium0.54,0.71,3,145,3,1,0,0,sales,medium0.34,0.69,2,193,3,0,0,0,sales,medium0.91,0.82,3,183,2,0,0,0,sales,medium0.49,0.61,3,240,3,0,0,0,sales,medium0.71,1,5,210,3,0,0,0,sales,medium0.64,0.72,4,152,3,1,0,0,sales,medium0.6,0.61,4,140,4,0,0,0,sales,medium0.91,0.66,3,208,4,0,0,0,sales,medium0.92,0.6,3,198,2,0,0,0,sales,medium0.91,0.52,3,178,3,0,0,0,sales,medium0.88,0.77,3,279,3,1,0,0,sales,medium0.86,0.82,3,263,6,0,0,0,sales,high0.81,0.54,3,215,4,1,0,0,sales,low0.84,0.73,3,181,3,1,0,0,sales,medium0.56,0.55,2,270,3,0,0,0,sales,medium0.6,0.52,3,236,3,0,0,0,sales,medium0.71,0.87,3,271,2,0,0,0,accounting,medium0.62,0.79,5,172,3,0,0,0,accounting,low0.73,0.65,3,145,2,0,0,0,accounting,low0.56,0.69,5,198,3,0,0,0,hr,low0.6,0.74,3,175,3,1,0,0,hr,low0.55,0.64,4,260,3,0,0,0,hr,low0.5,0.7,4,135,3,0,0,0,hr,low0.42,0.73,3,108,4,0,0,0,technical,low0.51,0.94,5,260,4,0,0,0,technical,low0.66,0.94,4,176,2,1,0,0,technical,low0.79,0.67,5,222,4,0,0,0,technical,low0.3,0.66,4,119,3,0,0,0,technical,low0.57,1,3,241,4,0,0,0,technical,low0.74,0.93,6,225,4,0,0,0,technical,low0.98,0.56,5,188,3,0,0,0,technical,low0.17,0.73,4,188,5,0,0,0,technical,low0.62,0.77,3,225,4,1,0,0,technical,low0.32,0.4,2,132,3,0,0,0,technical,low0.58,0.91,5,185,2,0,0,0,support,low0.59,0.9,4,173,3,0,0,0,support,medium0.59,0.55,3,179,3,0,0,0,support,medium0.8,0.58,4,189,2,0,0,0,support,medium0.84,0.85,5,246,3,0,0,0,support,medium0.54,0.76,2,166,4,0,0,0,support,medium0.51,0.98,4,245,3,0,0,0,support,medium0.66,0.56,2,104,3,1,0,0,support,medium0.37,0.52,4,151,2,0,0,0,support,medium0.49,0.63,4,213,3,0,0,0,support,medium0.88,0.71,5,255,3,0,0,0,support,medium0.66,0.9,4,268,3,0,0,0,technical,medium0.25,0.53,4,160,4,0,0,0,technical,medium0.49,0.52,4,267,2,0,0,0,technical,high0.87,0.77,3,190,3,0,0,0,management,low0.54,0.95,5,255,2,0,0,0,IT,medium0.24,0.95,3,168,4,0,0,0,IT,medium0.65,0.74,4,228,2,1,0,0,IT,medium0.58,0.87,4,181,3,0,0,0,IT,medium0.77,0.54,5,252,2,0,0,0,IT,low0.86,0.63,4,244,3,0,0,0,product_mng,low0.62,0.69,3,207,4,0,0,0,product_mng,low0.56,0.48,3,134,3,0,0,0,product_mng,low0.75,0.53,3,244,2,0,0,0,product_mng,low0.8,0.96,4,160,4,0,0,0,IT,low0.56,0.93,4,260,4,0,0,0,RandD,low0.83,0.6,4,170,3,0,0,0,RandD,low0.51,0.98,4,171,2,0,0,0,RandD,low0.82,0.9,4,232,3,0,0,0,RandD,low0.81,0.91,3,184,3,0,0,0,RandD,low0.52,0.64,4,268,3,0,0,0,marketing,low0.79,0.56,4,248,3,0,0,0,sales,low0.83,0.5,5,274,3,0,0,0,accounting,low0.97,0.81,3,145,3,0,0,0,support,low0.61,0.88,5,134,4,0,0,0,technical,low0.84,0.66,3,114,6,1,0,0,management,low0.9,1,4,218,2,0,0,0,marketing,low0.82,0.77,4,152,2,1,0,0,marketing,low0.69,0.76,5,174,3,0,0,0,marketing,low0.18,0.73,6,231,4,0,0,0,sales,low0.33,1,2,210,3,1,0,0,sales,medium0.15,0.92,5,164,3,0,0,0,sales,medium0.61,0.78,4,198,3,0,0,0,sales,medium0.92,0.55,4,220,2,0,0,0,sales,medium0.13,0.61,6,283,5,0,0,0,sales,medium0.18,0.48,4,240,4,0,0,0,sales,medium0.27,0.85,5,142,6,0,0,0,sales,medium0.66,0.61,4,263,4,0,0,0,sales,medium0.21,0.81,5,142,4,0,0,0,sales,medium0.92,0.9,4,203,4,0,0,0,sales,medium0.97,0.5,3,266,3,1,0,0,sales,medium0.97,0.7,3,253,3,0,0,0,sales,medium0.64,0.61,4,136,3,0,0,0,sales,high0.75,0.9,3,140,3,0,0,0,sales,low0.9,0.76,4,252,4,0,0,0,sales,medium0.81,0.75,5,101,5,0,0,0,sales,medium0.99,0.72,3,163,3,0,0,0,sales,medium0.49,0.5,5,170,2,0,0,0,sales,medium0.92,0.4,2,238,3,0,0,0,accounting,low0.74,0.56,4,190,3,1,0,0,accounting,low0.37,0.37,5,173,2,0,0,0,accounting,low0.67,0.61,4,145,4,0,0,0,hr,low0.74,0.89,5,182,2,0,0,0,hr,low0.85,0.64,4,188,3,0,0,0,hr,low0.72,0.71,3,133,2,0,0,0,hr,low0.75,0.71,4,155,4,0,0,0,technical,low0.91,0.4,6,153,3,0,0,0,technical,low0.84,0.62,4,138,3,0,0,0,technical,low0.64,0.51,4,177,3,0,0,0,technical,low0.15,0.91,6,98,6,1,0,0,technical,low0.66,0.66,3,225,3,0,0,0,technical,low0.2,0.69,6,236,4,0,0,0,technical,low0.97,0.78,3,268,3,1,0,0,technical,low0.59,0.73,2,230,3,0,0,0,technical,low0.88,0.6,4,162,2,0,0,0,technical,low0.16,0.73,4,197,2,0,0,0,technical,low0.61,0.96,3,247,3,0,0,0,support,low0.52,0.79,4,234,3,0,0,0,support,low0.82,0.49,4,276,4,0,0,0,support,low0.75,0.94,5,217,2,0,0,0,support,medium0.62,0.5,4,156,2,0,0,0,support,medium0.91,0.88,3,189,2,0,0,0,support,medium0.61,0.98,2,238,4,0,0,0,support,medium0.79,0.77,3,201,6,1,0,0,support,medium0.9,0.93,4,263,3,1,0,0,support,medium0.75,0.83,3,146,3,0,0,0,support,medium0.81,0.64,4,213,3,0,0,0,support,medium0.59,0.88,3,159,2,0,0,0,technical,medium0.56,0.83,3,236,3,1,0,0,technical,medium0.98,0.79,5,257,4,0,0,0,technical,medium0.59,0.72,4,168,4,0,0,0,management,medium0.61,0.67,4,151,3,0,0,0,IT,high0.78,0.7,4,139,3,0,0,0,IT,low0.55,0.93,5,196,3,0,0,0,IT,medium0.2,0.97,4,237,5,0,0,0,IT,medium0.79,0.44,2,236,3,0,0,0,IT,medium0.52,0.98,4,265,3,0,0,0,product_mng,medium0.97,0.52,4,207,3,0,0,0,product_mng,low0.63,0.94,4,219,3,0,0,0,product_mng,low0.85,0.99,3,208,2,0,0,0,product_mng,low0.59,0.74,3,240,3,0,0,0,IT,low0.64,0.6,3,135,3,0,0,0,RandD,low0.8,0.67,3,236,3,1,0,0,RandD,low0.61,0.75,3,140,3,0,0,0,RandD,low0.87,0.61,3,162,2,0,0,0,RandD,low0.75,0.59,3,117,3,1,0,0,RandD,medium0.96,0.51,4,225,3,0,0,0,marketing,medium0.75,0.92,3,211,3,0,0,0,sales,medium0.19,0.58,4,173,5,0,0,0,accounting,medium0.52,0.97,4,170,3,0,0,0,support,medium0.6,0.6,3,242,3,0,0,0,technical,medium0.9,0.81,4,175,3,0,0,0,management,medium0.89,0.92,3,195,2,0,0,0,marketing,medium0.54,0.93,4,184,2,1,0,0,marketing,medium0.99,0.55,3,170,3,0,0,0,marketing,medium0.66,0.56,4,185,3,0,0,0,sales,medium0.92,0.64,4,259,2,0,0,0,sales,medium0.19,0.72,4,102,3,0,0,0,sales,medium0.39,0.37,5,156,4,0,0,0,sales,medium0.41,0.68,3,191,4,0,0,0,sales,medium0.6,0.49,3,239,2,0,0,0,sales,medium0.95,0.54,4,235,4,0,0,0,sales,medium0.51,0.87,2,130,4,0,0,0,sales,medium0.54,0.74,2,166,3,0,0,0,sales,medium0.16,0.54,5,206,5,0,0,0,sales,medium0.98,0.77,3,191,2,0,0,0,sales,medium0.65,0.75,3,214,3,0,0,0,sales,medium0.38,0.5,3,196,3,0,0,0,sales,medium0.95,0.71,4,151,4,0,0,0,sales,medium0.6,0.62,5,165,2,0,0,0,sales,medium0.78,0.91,3,177,2,0,0,0,sales,high0.19,0.63,6,241,6,0,0,0,sales,high0.56,0.99,4,230,3,0,0,0,sales,high0.21,0.71,4,270,2,0,0,0,sales,high0.83,0.71,3,234,4,0,0,0,accounting,high0.5,0.64,3,257,2,1,0,0,accounting,high0.74,0.87,5,264,3,0,0,0,accounting,high0.75,0.83,4,133,4,0,0,0,hr,high0.85,0.66,4,155,4,0,0,0,hr,high0.93,0.59,3,202,2,0,0,0,hr,high0.76,0.7,3,136,2,0,0,0,hr,high0.91,0.78,3,269,3,1,0,0,technical,high0.22,0.54,6,169,4,0,0,0,technical,low0.78,0.52,5,192,3,1,0,0,technical,low0.53,0.8,4,241,3,1,0,0,technical,low0.58,0.69,4,165,3,0,0,0,technical,low0.99,0.81,3,183,2,0,0,0,technical,low0.62,0.64,4,163,3,0,0,0,technical,low0.59,0.69,3,162,3,0,0,0,technical,low0.13,0.76,5,219,4,0,0,0,technical,low0.19,0.63,4,278,6,0,0,0,technical,low0.94,0.99,2,273,4,0,0,0,technical,low0.53,0.96,4,272,2,0,0,0,support,low0.96,0.85,5,168,2,0,0,0,support,low0.62,0.87,4,221,3,1,0,0,support,low0.81,0.86,4,213,3,0,0,0,support,low0.63,0.78,4,275,3,0,0,0,support,low0.92,0.68,5,177,4,0,0,0,support,medium0.83,0.74,4,249,2,0,0,0,support,medium0.49,0.37,5,246,3,0,0,0,support,medium0.8,0.66,4,223,3,0,0,0,support,medium0.54,0.76,4,244,2,0,0,0,support,medium0.37,0.72,3,169,2,1,0,0,support,medium0.93,0.56,5,140,3,0,0,0,technical,medium0.88,0.99,5,253,2,0,0,0,technical,medium0.79,0.87,3,194,2,0,0,0,technical,medium0.65,0.88,4,173,3,0,0,0,management,medium0.72,0.7,4,172,3,0,0,0,IT,medium0.58,0.49,3,167,3,0,0,0,IT,medium0.37,0.51,2,153,3,0,0,0,IT,high0.87,0.97,4,243,3,0,0,0,IT,high0.63,0.72,6,163,4,0,0,0,IT,high0.72,0.79,3,221,3,0,0,0,product_mng,high0.36,0.55,3,191,3,0,0,0,product_mng,high0.96,0.7,4,272,3,0,0,0,product_mng,high0.52,0.37,2,118,2,0,0,0,product_mng,high0.16,0.83,5,173,4,0,0,0,IT,high0.63,0.55,4,200,3,1,0,0,RandD,low0.92,0.76,5,132,3,1,0,0,RandD,low0.82,0.49,4,180,2,0,0,0,RandD,low0.18,0.54,4,145,5,0,0,0,RandD,low0.73,0.48,4,139,2,0,0,0,RandD,low0.44,0.61,5,230,6,0,0,0,marketing,low0.73,0.62,4,247,4,0,0,0,sales,low0.62,0.95,4,140,2,0,0,0,accounting,low0.94,0.8,4,266,3,1,0,0,support,medium0.76,0.74,4,261,3,0,0,0,technical,medium0.89,0.49,4,275,3,0,0,0,management,medium0.9,0.88,5,254,2,0,0,0,marketing,medium1,0.93,5,231,2,0,0,0,marketing,medium0.71,0.9,3,138,3,0,0,0,marketing,medium0.73,0.97,4,163,3,0,0,0,sales,medium0.97,0.9,5,262,3,0,0,0,sales,medium0.6,0.59,4,201,3,0,0,0,sales,medium0.82,0.67,3,229,3,0,0,0,sales,medium0.95,0.48,4,228,2,0,0,0,sales,medium0.88,0.65,5,228,3,0,0,0,sales,medium0.79,0.49,3,273,3,0,0,0,sales,medium0.52,0.96,4,171,2,0,0,0,sales,medium0.22,0.61,3,148,5,0,0,0,sales,medium0.59,0.96,5,211,3,0,0,0,sales,medium0.84,0.64,2,211,3,0,0,0,sales,medium0.54,0.41,3,175,3,0,0,0,sales,medium1,0.86,4,245,4,0,0,0,sales,medium0.93,0.59,3,273,2,1,0,0,sales,medium0.96,0.55,3,225,4,1,0,0,sales,medium0.56,0.41,5,152,3,0,0,0,sales,medium0.49,0.66,5,194,3,0,0,0,sales,medium0.89,0.51,4,185,3,1,0,0,sales,high0.57,0.91,3,193,2,0,0,0,sales,low0.96,0.64,3,166,2,0,0,0,accounting,medium0.65,0.89,5,223,3,1,0,0,accounting,medium0.14,0.66,5,281,4,1,0,0,accounting,medium0.64,0.49,3,241,3,0,0,0,hr,medium0.98,0.91,3,165,2,1,0,0,hr,medium0.71,0.59,4,143,2,0,0,0,hr,medium0.96,0.49,5,137,3,0,0,0,hr,medium0.9,0.57,4,185,3,1,0,0,technical,medium0.52,0.96,3,271,3,1,0,0,technical,medium0.78,0.98,4,207,2,1,0,0,technical,medium0.62,0.69,4,184,3,0,0,0,technical,low0.6,0.8,4,253,2,0,0,0,technical,low0.82,0.62,3,152,6,0,0,0,technical,low0.52,0.55,3,225,2,0,0,0,technical,low0.13,0.84,5,189,5,0,0,0,technical,low0.97,0.93,3,153,2,0,0,0,technical,low0.63,0.9,4,245,3,0,0,0,technical,low0.68,0.78,5,233,3,0,0,0,technical,high0.74,0.83,4,210,3,0,0,0,support,low0.89,0.57,4,176,4,0,0,0,support,high0.28,0.95,5,191,3,0,0,0,support,high0.61,0.9,3,224,3,0,0,0,support,low0.67,0.49,3,185,3,0,0,0,support,low0.86,0.64,3,245,4,0,0,0,support,high0.87,0.93,3,173,2,0,0,0,support,low0.7,0.95,4,231,3,0,0,0,support,medium0.68,0.84,3,270,3,0,0,0,support,high0.69,0.75,5,196,3,0,0,0,support,medium0.97,0.83,3,238,2,0,0,0,support,medium0.62,0.89,4,261,2,0,0,0,technical,medium0.55,0.87,3,201,2,0,0,0,technical,medium0.61,0.73,3,252,3,0,0,0,technical,high0.15,0.81,3,191,5,0,0,0,management,medium0.84,0.86,3,199,3,0,0,0,IT,medium0.87,0.64,5,234,2,1,0,0,IT,medium0.93,0.86,4,192,4,0,0,0,IT,high0.14,0.73,6,237,5,0,0,0,IT,medium0.96,0.7,3,207,3,0,0,0,IT,high0.41,0.63,2,145,2,0,0,0,product_mng,low0.84,0.96,6,155,5,0,0,0,product_mng,medium0.94,0.69,5,145,2,0,0,0,product_mng,medium0.6,0.86,6,247,6,0,0,0,product_mng,medium0.7,0.73,4,182,3,0,0,0,IT,medium0.29,0.91,4,183,4,0,0,0,RandD,low0.31,0.51,2,146,3,0,0,0,RandD,low0.73,0.99,3,241,3,0,0,0,RandD,low0.51,0.52,5,261,3,1,0,0,RandD,low0.58,0.77,4,140,3,0,0,0,RandD,low0.59,0.97,3,257,3,0,0,0,marketing,low0.95,0.9,3,186,2,0,0,0,marketing,low0.84,0.93,3,159,3,0,0,0,sales,low0.28,0.37,3,164,4,1,0,0,accounting,low0.94,0.52,4,217,6,1,0,0,support,low0.49,0.59,4,137,4,0,0,0,technical,high0.72,0.5,4,164,2,1,0,0,management,low0.19,0.85,5,249,3,0,0,0,marketing,low0.83,0.95,3,264,2,0,0,0,marketing,low0.79,0.92,4,208,2,1,0,0,marketing,low0.72,0.61,3,175,3,0,0,0,sales,high0.97,0.74,4,209,2,0,0,0,sales,low0.92,0.83,4,268,4,0,0,0,sales,low0.95,0.53,3,264,3,0,0,0,sales,low0.76,0.64,4,234,2,0,0,0,sales,high0.24,0.62,5,199,4,0,0,0,sales,low0.89,0.99,4,205,2,0,0,1,sales,medium0.69,0.63,5,140,4,0,0,1,sales,high0.92,0.98,3,257,3,0,0,1,sales,medium0.79,0.61,4,227,2,0,0,1,sales,high0.87,0.94,4,189,3,0,0,1,sales,medium0.89,0.88,5,241,2,1,0,0,sales,medium0.75,0.77,5,199,4,0,0,0,sales,medium0.78,0.6,4,206,3,0,0,0,sales,medium0.13,0.62,5,268,3,0,0,0,sales,medium0.94,0.86,3,221,3,1,0,0,sales,medium0.94,0.88,4,262,2,0,0,0,sales,medium0.67,0.6,5,253,6,0,0,0,sales,medium0.6,0.73,5,241,3,0,0,0,sales,high0.62,0.94,4,252,4,0,0,0,accounting,low0.38,0.52,2,171,3,0,0,0,accounting,medium0.8,0.77,4,194,3,0,0,0,accounting,medium0.61,0.42,3,104,2,0,0,0,hr,medium0.61,0.56,4,176,3,0,0,0,hr,medium0.66,0.8,4,192,3,0,0,0,hr,medium0.56,0.74,3,154,2,0,0,0,hr,medium1,0.55,4,186,4,1,0,0,technical,medium0.73,0.86,3,200,4,0,0,0,technical,medium0.6,0.66,4,132,4,0,0,0,technical,medium0.78,0.59,5,236,3,0,0,0,technical,high0.48,0.53,3,211,4,0,0,0,technical,low0.9,0.77,4,273,2,0,0,0,technical,low0.16,0.76,4,223,4,0,0,0,technical,low0.5,0.75,3,204,2,0,0,0,technical,high0.66,0.65,3,196,3,1,0,0,technical,low0.44,0.37,2,219,2,0,0,0,technical,low0.95,0.67,4,261,3,0,0,0,technical,low0.9,0.65,3,254,2,0,0,0,support,high0.27,0.48,4,185,2,0,0,0,support,low0.51,0.74,6,98,3,0,0,0,support,low0.68,0.76,3,260,4,0,0,0,support,low0.97,0.93,5,137,2,1,0,0,support,low0.91,0.75,4,159,3,1,0,0,support,low0.76,0.88,5,265,4,0,0,0,support,low0.88,0.61,4,177,4,1,0,0,support,low0.83,0.73,4,247,2,0,0,0,support,medium0.78,0.54,3,161,3,0,0,0,support,medium0.52,0.38,2,103,3,0,0,0,support,medium0.63,0.49,4,151,3,0,0,0,technical,medium0.9,0.74,3,193,3,0,0,0,technical,medium0.48,0.58,3,194,3,0,0,0,technical,medium0.7,0.6,5,208,3,0,0,0,management,medium0.68,0.66,4,229,3,0,0,0,IT,medium0.7,0.87,3,166,2,0,0,0,IT,medium0.77,0.5,3,141,3,0,0,0,IT,medium0.73,0.93,3,249,2,0,0,0,IT,medium0.87,0.48,4,264,3,0,0,0,IT,medium0.65,0.98,3,252,2,0,0,0,product_mng,high0.62,0.7,2,134,3,0,0,0,product_mng,low0.53,0.51,3,274,2,1,0,0,product_mng,medium0.59,0.39,5,200,4,0,0,0,product_mng,medium0.87,0.72,2,154,3,0,0,0,IT,medium0.47,0.53,3,111,4,0,0,0,RandD,medium0.96,0.81,3,247,3,0,0,0,RandD,low0.79,0.74,3,169,3,0,0,0,RandD,low0.84,0.6,3,250,3,1,0,0,RandD,low0.68,0.49,3,178,3,1,0,0,RandD,low0.86,0.66,4,251,3,0,0,0,RandD,low0.73,0.98,5,272,2,0,0,0,marketing,low0.9,0.67,2,229,4,0,0,0,sales,low0.63,0.64,3,180,3,0,0,0,accounting,low0.71,0.72,3,271,2,0,0,0,support,low0.71,0.68,5,226,3,0,0,0,technical,low0.95,0.62,4,150,2,0,0,0,management,low0.51,0.86,4,260,3,1,0,0,marketing,low0.77,0.91,4,161,3,0,0,0,marketing,low0.48,0.51,3,136,3,0,0,0,marketing,low0.93,0.91,2,238,2,1,0,0,sales,low0.83,0.86,4,98,4,0,0,0,sales,low0.61,0.73,5,156,4,0,0,0,sales,low0.97,0.89,4,248,2,0,0,0,sales,low0.5,0.81,3,170,2,0,0,0,sales,low0.84,0.54,3,245,3,0,0,0,sales,low0.58,0.38,4,203,5,0,0,0,sales,low0.59,0.72,3,182,3,0,0,0,sales,medium0.77,0.83,3,175,3,0,0,1,sales,medium0.78,0.4,4,145,5,1,0,1,sales,medium0.6,0.96,4,220,3,1,0,1,sales,medium0.53,0.77,4,259,2,1,0,1,sales,medium0.73,0.69,3,228,2,0,0,1,sales,medium0.76,0.94,3,189,3,0,0,0,sales,medium0.12,0.61,6,257,3,0,0,0,sales,medium0.2,0.98,3,180,6,0,0,0,sales,medium0.5,0.77,4,180,3,0,0,0,sales,medium0.79,0.65,5,215,2,1,0,0,sales,medium0.96,0.68,3,132,2,0,0,0,sales,medium0.26,0.69,5,213,2,0,0,0,accounting,high0.8,0.72,4,173,3,0,0,0,accounting,low0.43,0.71,3,186,2,0,0,0,accounting,medium0.87,0.71,4,157,2,0,0,0,hr,medium0.63,0.75,4,175,4,0,0,0,hr,medium0.58,0.48,3,135,3,1,0,0,hr,medium0.2,0.42,4,256,5,0,0,0,hr,low0.62,0.71,4,268,3,0,0,0,technical,low0.91,0.94,5,159,3,0,0,0,technical,low0.66,0.91,3,191,4,0,0,0,technical,low0.53,0.81,3,275,2,0,0,0,technical,low0.52,0.98,5,217,2,1,0,0,technical,low1,0.88,6,201,4,0,0,0,technical,low0.73,0.67,4,205,3,0,0,0,technical,low0.65,0.67,3,240,2,1,0,0,technical,low0.5,0.95,5,137,3,0,0,0,technical,low0.94,0.59,4,241,2,0,0,0,technical,low0.48,0.86,5,198,4,0,0,0,technical,low0.67,0.87,5,254,2,0,0,0,support,low0.73,0.94,4,262,3,0,0,0,support,low0.63,0.71,4,244,2,0,0,0,support,low0.84,0.84,4,266,3,0,0,0,support,low0.2,0.94,6,191,5,0,0,0,support,low0.76,0.57,3,148,3,1,0,0,support,low0.55,0.54,3,233,2,0,0,0,support,low0.8,0.55,4,178,2,1,0,0,support,low0.64,0.91,3,165,3,1,0,0,support,low0.59,0.97,5,179,6,0,0,0,support,medium0.92,0.98,3,149,3,0,0,0,support,medium0.75,0.76,3,269,2,1,0,0,technical,medium0.69,0.74,5,227,2,0,0,0,technical,medium0.82,0.93,3,247,3,0,0,0,technical,medium0.88,0.85,3,220,3,0,0,0,management,medium0.89,0.91,3,233,2,0,0,0,IT,medium1,0.79,5,171,5,0,0,0,IT,medium0.66,0.91,4,234,2,1,0,0,IT,medium0.76,0.92,3,176,2,0,0,0,IT,medium0.8,0.62,5,190,4,1,0,0,IT,medium0.58,0.86,4,168,2,0,0,0,product_mng,medium0.73,0.93,3,205,3,0,0,0,product_mng,high1,0.73,5,189,3,1,0,0,product_mng,low0.18,0.9,4,282,4,0,0,0,product_mng,medium0.47,0.46,2,152,2,0,0,0,IT,medium0.92,0.64,4,217,4,0,0,0,RandD,medium0.51,0.5,4,130,3,0,0,0,RandD,medium0.81,0.62,4,153,4,0,0,0,RandD,low0.52,0.57,3,270,3,0,0,0,RandD,low0.95,0.96,3,220,3,0,0,0,RandD,low0.93,0.64,4,253,3,0,0,0,RandD,low0.98,0.67,4,209,6,0,0,0,marketing,low0.79,0.79,4,231,2,0,0,0,sales,low0.99,0.73,4,240,4,0,0,0,accounting,low0.64,0.9,5,266,3,0,0,0,support,low0.54,0.44,3,153,2,0,0,0,technical,low0.79,0.59,4,187,2,0,0,0,management,low0.55,0.98,4,185,2,1,0,0,marketing,low0.18,0.81,4,147,4,0,0,0,marketing,low0.56,0.81,4,188,3,1,0,0,marketing,low0.92,0.67,2,252,2,0,0,0,sales,low0.99,0.75,4,163,2,0,0,0,sales,low0.77,0.85,4,189,2,0,0,0,sales,low0.49,0.52,3,156,2,0,0,0,sales,low0.98,0.58,3,183,3,0,0,0,sales,low0.18,0.54,6,209,5,1,0,0,sales,low0.8,0.82,4,271,4,0,0,0,sales,low0.81,0.77,5,251,2,0,0,0,sales,low0.13,0.61,5,198,5,0,0,0,sales,medium0.58,0.97,3,274,4,1,0,1,sales,medium0.75,0.63,4,209,3,0,0,1,sales,medium0.8,0.94,4,271,4,0,0,1,sales,medium0.78,0.6,4,143,2,0,0,1,sales,medium0.92,0.6,5,236,3,1,0,1,sales,medium0.85,0.98,5,222,3,0,0,1,sales,medium0.52,0.63,3,233,3,0,0,1,sales,medium0.95,0.84,3,270,3,1,0,1,sales,medium0.81,0.92,5,258,3,0,0,1,sales,medium0.16,0.82,6,202,4,1,0,1,sales,medium0.91,0.74,3,150,2,0,0,0,accounting,medium0.62,0.51,4,193,3,0,0,0,accounting,high0.24,0.42,5,210,5,0,0,0,accounting,low0.88,0.51,3,208,3,0,0,0,hr,medium0.94,0.73,3,196,3,0,0,0,hr,medium0.76,0.79,5,187,4,0,0,0,hr,medium0.49,0.67,3,140,2,0,0,0,hr,medium0.93,0.9,4,256,4,0,0,0,technical,low0.92,0.66,4,113,3,0,0,0,technical,low0.19,0.94,4,196,5,0,0,0,technical,low0.66,0.76,3,170,3,0,0,0,technical,low0.16,0.94,4,261,6,0,0,0,technical,low0.83,0.99,5,132,3,0,0,0,technical,low0.69,0.53,3,153,3,0,0,0,technical,low0.82,0.53,3,147,3,1,0,0,technical,low0.88,0.72,5,244,2,0,0,0,technical,low0.31,0.42,4,108,4,0,0,0,technical,low0.83,0.49,4,218,2,0,0,0,technical,low0.94,0.52,5,133,3,0,0,0,support,low0.65,0.79,5,233,3,0,0,0,support,low0.6,0.6,4,147,3,0,0,0,support,low0.52,0.43,3,176,3,0,0,0,support,low0.66,0.89,4,169,4,0,0,0,support,low0.87,0.87,4,144,3,0,0,0,support,low0.2,0.99,5,151,3,1,0,0,support,low0.63,0.91,4,252,3,1,0,0,support,medium0.69,0.98,4,180,3,0,0,0,support,medium0.48,0.61,3,251,3,0,0,0,support,medium0.8,0.8,4,263,4,0,0,0,support,medium0.89,0.74,5,260,6,0,0,0,technical,medium0.67,0.63,3,227,3,0,0,0,technical,medium0.37,0.86,6,260,3,0,0,0,technical,medium0.93,0.61,5,158,3,0,0,0,management,medium0.69,0.52,3,186,3,0,0,0,IT,medium0.16,0.61,4,171,6,0,0,0,IT,medium0.81,0.55,3,199,2,1,0,0,IT,medium0.97,0.63,5,258,2,0,0,0,IT,medium0.77,0.59,4,273,2,0,0,0,IT,high0.75,0.78,2,259,3,0,0,0,product_mng,low0.88,0.82,3,265,3,0,0,0,product_mng,medium0.43,0.51,5,168,4,0,0,0,product_mng,medium0.99,0.99,4,163,4,0,0,0,product_mng,medium0.59,0.65,5,265,3,0,0,0,IT,medium0.89,0.71,4,190,3,0,0,0,RandD,low0.54,0.73,3,157,3,0,0,0,RandD,low0.32,0.86,4,266,4,0,0,0,RandD,low0.17,0.55,6,240,6,0,0,0,RandD,low0.78,0.55,3,143,3,0,0,0,RandD,low0.73,0.68,3,121,5,0,0,0,RandD,low0.65,0.76,2,170,5,0,0,0,IT,low0.8,0.71,4,161,4,0,0,0,IT,low0.61,0.86,3,239,3,0,0,0,IT,low0.67,0.49,3,224,3,0,0,0,IT,low0.63,0.57,3,242,3,0,0,0,product_mng,low0.51,0.58,4,140,2,1,0,0,product_mng,low0.82,0.59,5,170,3,0,0,0,product_mng,low0.79,0.67,5,156,2,0,0,0,product_mng,low0.49,0.6,2,113,5,0,0,0,IT,low0.7,0.59,3,138,3,0,0,0,RandD,low0.13,0.5,3,137,5,0,0,0,RandD,low0.83,0.52,5,217,3,0,0,0,RandD,low0.83,0.91,3,155,3,0,0,0,RandD,low0.19,0.83,5,280,4,0,0,0,RandD,low0.8,0.81,5,248,2,1,0,0,RandD,low0.49,0.67,2,190,8,0,0,0,marketing,medium0.92,0.99,3,176,8,0,0,0,sales,medium0.81,0.55,4,217,8,0,0,0,accounting,medium0.62,0.91,3,269,8,0,0,0,support,medium0.21,0.7,3,238,8,0,0,0,technical,medium0.95,0.74,5,243,6,0,0,0,management,medium0.51,0.8,4,198,6,0,0,0,marketing,medium0.52,0.89,3,188,6,0,0,0,marketing,medium0.64,0.56,3,257,6,0,0,0,marketing,medium0.62,0.79,4,268,6,0,0,0,sales,medium0.73,0.88,5,233,4,1,0,0,sales,medium0.32,0.86,4,214,5,0,0,0,sales,medium0.78,0.96,2,285,3,0,0,0,sales,high0.65,0.91,4,224,2,1,0,0,sales,low0.56,0.92,4,224,3,0,0,0,sales,medium0.96,0.89,3,142,4,0,0,0,sales,medium0.79,0.82,4,220,3,0,0,0,sales,medium0.66,0.58,4,244,3,0,0,0,sales,medium0.67,0.68,4,171,3,0,0,0,sales,low0.86,0.82,4,274,2,1,0,0,sales,low0.57,0.72,4,214,2,1,0,0,sales,low0.86,0.87,5,171,2,0,0,0,sales,low0.52,0.59,5,150,2,0,0,0,sales,low0.73,0.61,4,260,2,1,0,0,sales,low0.78,0.63,5,259,3,0,0,0,sales,low0.95,0.63,3,153,2,0,0,0,sales,low0.75,0.61,3,263,3,0,0,0,sales,low0.83,0.52,2,149,2,1,0,0,sales,low0.48,1,4,261,3,0,0,0,accounting,low0.3,0.58,2,189,4,1,0,0,accounting,low0.72,0.85,5,237,4,0,0,0,accounting,low0.61,0.52,3,224,3,0,0,0,hr,low0.31,0.87,6,240,3,1,0,0,hr,low0.62,0.81,3,245,2,1,0,0,hr,low0.48,0.49,3,268,3,0,0,0,hr,low0.97,0.89,4,208,2,1,0,0,technical,low0.61,0.83,4,153,2,0,0,0,technical,low0.93,0.99,3,169,3,0,0,0,technical,low0.89,0.39,5,218,2,0,0,0,technical,low0.95,0.9,3,155,3,0,0,0,technical,medium0.36,0.44,5,155,3,0,0,0,technical,medium0.29,0.39,6,105,6,0,0,0,technical,medium0.65,0.83,4,251,2,0,0,0,technical,medium0.72,0.54,4,219,2,0,0,0,technical,medium0.51,0.56,4,198,2,1,0,0,technical,medium0.54,0.53,4,158,2,0,0,0,technical,medium0.66,0.58,3,157,2,0,0,0,support,medium0.59,0.54,4,178,2,0,0,0,support,medium0.45,0.48,3,145,2,0,0,0,support,medium0.15,0.91,5,230,3,0,0,0,support,medium0.95,0.53,3,174,3,0,0,0,support,medium0.49,0.59,5,140,3,0,0,0,support,high0.68,0.97,3,174,2,0,0,0,support,low0.7,0.76,4,173,2,0,0,0,support,medium0.9,0.73,2,203,4,0,0,0,support,medium0.94,0.95,5,170,3,0,0,0,support,medium0.8,0.86,3,203,3,0,0,0,support,medium0.59,0.53,5,169,3,0,0,0,technical,low0.43,0.96,3,109,6,0,0,0,technical,low0.7,0.54,5,263,3,0,0,0,technical,low0.51,0.62,4,185,3,0,0,0,management,low0.12,0.49,4,191,5,0,0,0,IT,low0.14,0.56,5,259,4,1,0,0,IT,low0.86,0.91,4,253,3,0,0,0,IT,low0.97,0.5,3,216,3,0,0,0,IT,low1,0.86,2,264,3,0,0,0,IT,medium0.49,0.63,3,181,3,1,0,0,product_mng,medium0.9,0.93,3,209,3,0,0,0,product_mng,medium0.82,0.89,4,239,2,0,0,0,product_mng,medium0.59,0.48,3,197,3,0,0,0,product_mng,medium0.97,0.57,4,150,2,0,0,0,IT,medium0.69,0.88,3,164,10,0,0,0,management,medium0.73,0.84,3,216,8,0,0,0,management,medium0.48,0.74,2,271,8,1,0,0,management,medium0.94,0.49,4,176,8,0,0,0,management,medium0.74,0.73,3,156,8,0,0,0,management,medium0.65,0.63,4,143,8,0,0,0,management,medium0.93,0.94,4,233,6,0,0,0,IT,medium0.57,0.67,3,138,6,1,0,0,IT,medium0.9,0.49,3,259,6,0,0,0,IT,medium0.55,0.86,4,169,6,0,0,0,IT,medium0.59,0.73,3,172,6,0,0,0,product_mng,medium0.72,0.98,4,156,3,0,0,0,product_mng,medium0.87,0.52,4,140,3,0,0,0,product_mng,medium0.86,0.82,4,212,2,0,0,0,product_mng,medium0.61,0.5,4,269,3,0,0,0,IT,medium0.45,0.63,5,111,5,0,0,0,management,medium0.51,0.63,4,198,2,0,0,0,management,medium0.87,0.92,4,263,3,0,0,0,management,medium0.29,0.38,5,191,5,0,0,0,management,medium0.57,0.64,3,188,3,0,0,0,management,medium0.69,0.83,4,252,3,0,0,0,management,medium0.61,0.9,2,142,3,0,0,0,marketing,high0.96,0.85,4,247,3,0,0,0,sales,high0.16,0.61,6,269,2,0,0,0,accounting,high0.96,0.82,4,244,3,0,0,0,support,high0.77,0.81,4,164,3,0,0,0,technical,high0.85,0.87,6,232,5,0,0,0,management,high0.37,0.49,3,177,3,0,0,0,marketing,high0.68,0.65,3,173,3,1,0,0,marketing,high0.87,0.6,5,165,2,1,0,0,marketing,high0.95,0.8,3,225,2,0,0,0,sales,high0.84,0.63,3,121,3,1,0,0,sales,low0.44,0.51,2,219,4,0,0,0,sales,low0.94,0.73,4,204,2,0,0,0,sales,low0.85,0.94,5,235,4,0,0,0,sales,low0.75,0.51,2,215,2,1,0,0,sales,low0.76,0.67,5,243,3,0,0,0,sales,low0.13,0.97,4,162,6,0,0,0,sales,low0.6,0.79,4,262,3,0,0,0,sales,low0.45,0.55,4,206,2,0,0,0,sales,low0.49,1,2,125,4,1,0,0,sales,low0.19,0.36,3,167,5,0,0,0,sales,low0.68,0.89,5,218,5,0,0,0,sales,low0.53,0.91,5,181,3,0,0,0,sales,low1,0.77,5,269,3,0,0,0,sales,low0.99,0.86,3,167,2,0,0,0,sales,low0.29,0.75,6,271,10,0,0,0,sales,medium0.54,0.83,4,201,8,1,0,0,sales,medium0.25,0.9,6,229,8,0,0,0,sales,medium0.71,0.76,4,148,8,0,0,0,accounting,medium0.96,0.84,3,147,8,0,0,0,accounting,medium0.8,0.9,4,211,8,0,0,0,accounting,medium0.82,0.87,5,145,6,0,0,0,hr,medium0.19,0.97,6,269,6,0,0,0,hr,medium0.43,0.74,4,129,6,0,0,0,hr,medium0.62,0.84,3,270,6,0,0,0,hr,medium0.75,0.85,3,250,6,0,0,0,technical,medium0.56,0.48,5,192,2,1,0,0,technical,medium0.88,0.91,4,233,4,0,0,0,technical,high0.63,0.57,4,192,3,0,0,0,technical,high0.75,0.93,3,247,2,0,0,0,technical,high0.74,1,4,192,4,0,0,0,technical,high0.55,0.68,3,178,3,1,0,0,technical,high0.87,0.55,4,197,3,0,0,0,technical,high0.13,0.9,5,264,6,0,0,0,technical,high0.33,0.64,2,274,3,1,0,0,technical,high0.89,0.97,4,147,2,0,0,0,technical,low0.56,0.94,3,154,3,1,0,0,support,low0.95,0.61,3,224,2,1,0,0,support,low0.57,0.59,4,250,2,0,0,0,support,low0.72,0.53,3,179,3,0,0,0,support,low0.28,0.44,4,170,2,0,0,0,support,low0.54,0.61,4,118,5,0,0,0,support,low0.54,0.95,4,256,3,0,0,0,support,low0.99,0.8,3,209,2,0,0,0,support,medium0.37,0.69,2,146,3,0,0,0,support,medium0.77,0.87,3,275,4,1,0,0,support,medium0.7,0.88,4,180,2,0,0,0,support,medium0.8,0.74,3,228,3,0,0,0,technical,medium0.52,0.63,3,204,3,0,0,0,technical,medium0.69,0.55,3,172,2,0,0,0,technical,medium0.6,0.62,5,274,3,0,0,0,management,medium0.74,0.64,3,136,2,0,0,0,IT,medium0.69,0.82,4,252,3,1,0,0,IT,medium0.78,0.89,4,137,3,0,0,0,IT,medium0.77,0.75,4,191,3,0,0,0,IT,medium0.91,0.68,4,132,4,0,0,0,IT,medium0.54,0.68,6,249,5,0,0,0,product_mng,medium0.48,0.77,6,274,6,0,0,0,product_mng,medium0.55,0.96,3,194,3,0,0,0,product_mng,medium0.17,0.36,6,191,2,0,0,0,product_mng,medium0.77,0.83,5,216,4,0,0,0,IT,medium0.93,0.98,3,241,3,0,0,0,IT,medium0.65,0.91,4,243,5,1,0,0,IT,medium0.67,0.52,4,207,3,0,0,0,IT,medium0.95,0.88,3,199,3,0,0,0,IT,medium0.61,0.97,6,286,4,0,0,0,product_mng,medium0.57,0.39,4,132,3,0,0,0,product_mng,high0.65,1,4,229,4,0,0,0,product_mng,low0.85,0.81,4,260,3,0,0,0,product_mng,medium0.61,0.96,3,214,2,0,0,0,IT,medium0.65,0.9,6,217,4,1,0,1,RandD,medium0.92,0.93,4,225,2,0,0,1,RandD,medium0.37,0.41,2,113,3,0,0,1,RandD,medium0.48,0.77,5,250,2,0,0,1,RandD,medium0.82,0.91,5,271,2,0,0,1,RandD,medium0.84,0.75,4,135,3,0,0,1,RandD,medium0.57,0.46,2,100,6,1,0,1,marketing,medium0.8,0.75,4,224,3,0,0,1,sales,medium0.49,0.91,4,134,4,0,0,0,accounting,low0.79,0.82,5,158,2,0,0,0,support,low0.48,0.67,3,183,2,0,0,0,technical,low0.28,0.89,4,97,6,0,0,0,management,low0.47,0.56,4,226,3,0,0,0,marketing,low0.91,0.6,4,235,4,1,0,0,marketing,low0.75,0.6,4,186,10,1,0,0,marketing,low0.61,0.89,3,242,10,0,0,0,sales,high0.47,0.79,3,284,10,0,0,0,sales,low0.22,0.7,2,274,10,0,0,0,sales,high0.5,0.48,4,130,10,0,0,0,sales,high0.56,0.87,3,146,10,0,0,0,sales,low0.84,0.85,4,207,10,0,0,0,sales,low0.69,0.72,4,210,2,1,0,0,sales,high0.53,0.64,3,143,2,0,0,0,sales,low0.17,0.57,4,116,3,0,0,0,sales,medium0.48,0.71,2,162,3,1,0,0,sales,high0.94,0.51,3,242,3,0,0,0,sales,medium0.77,0.89,4,153,7,0,0,0,sales,medium1,0.72,5,194,7,1,0,0,sales,medium0.49,0.65,4,233,7,0,0,0,sales,medium0.93,0.73,4,283,7,0,0,0,sales,high0.38,0.43,3,188,7,0,0,0,sales,medium0.6,0.54,4,182,6,0,0,0,sales,medium0.5,0.82,2,286,6,0,0,0,sales,medium0.97,0.55,5,212,6,0,0,0,sales,high0.93,0.95,5,176,6,0,0,1,accounting,medium0.5,1,5,264,8,0,0,1,accounting,high0.52,0.84,3,261,8,0,0,1,accounting,low0.5,0.71,4,163,8,0,0,1,hr,medium0.55,0.4,3,139,8,0,0,1,hr,medium0.95,0.84,3,261,8,1,0,1,hr,medium0.48,0.42,2,275,6,1,0,1,hr,medium0.51,0.39,5,132,6,1,0,1,technical,low0.96,0.48,3,202,6,0,0,0,technical,low0.97,0.84,4,177,6,0,0,0,technical,low0.97,0.66,5,234,6,0,0,0,technical,low0.71,0.54,4,188,6,0,0,0,technical,low0.82,0.49,5,203,6,0,0,0,technical,low0.57,1,4,227,10,0,0,0,technical,low0.48,0.93,3,150,10,0,0,0,technical,low0.71,0.64,3,267,3,0,0,0,technical,low0.63,0.61,5,186,10,0,0,0,technical,low0.99,0.84,4,142,10,0,0,0,technical,high0.79,0.83,3,126,10,1,0,0,support,low0.65,0.85,4,201,10,0,0,0,support,low0.7,0.85,4,142,2,0,0,0,support,low0.99,0.94,4,167,4,0,0,0,support,low0.65,0.62,4,258,2,0,0,0,support,high0.92,0.85,3,207,2,0,0,0,support,low0.24,0.5,4,282,4,1,0,0,support,low0.39,0.89,3,188,5,0,0,0,support,low0.82,0.85,3,214,2,0,0,0,support,high0.78,0.89,4,272,2,0,0,0,support,low0.62,0.79,3,259,3,0,0,0,support,medium0.6,0.61,5,191,2,1,0,0,technical,high0.49,0.57,3,192,3,0,0,0,technical,medium0.82,0.82,3,164,3,0,0,0,technical,high0.48,0.81,4,149,2,0,0,0,management,medium0.69,0.56,4,149,3,0,0,0,IT,medium0.4,0.89,2,165,3,0,0,0,IT,medium0.72,0.8,3,222,3,0,0,0,IT,medium0.75,0.84,5,222,3,1,0,0,IT,medium0.5,0.77,3,265,3,0,0,0,IT,medium0.78,0.5,5,247,4,0,0,0,product_mng,medium0.76,0.45,4,147,2,0,0,0,product_mng,medium0.94,0.52,3,273,3,0,0,0,product_mng,high0.24,0.94,6,144,4,0,0,0,product_mng,low0.99,0.66,3,181,2,0,0,0,IT,medium0.67,0.64,3,198,2,1,0,0,management,medium0.76,0.57,5,255,4,0,0,0,management,medium0.76,0.77,4,169,10,0,0,0,management,medium0.55,0.64,4,201,10,1,0,0,management,medium0.74,0.6,4,274,10,1,0,0,management,medium0.81,0.85,4,134,10,1,0,0,management,medium0.98,0.67,3,190,10,0,0,0,IT,medium0.98,0.98,4,170,10,0,0,0,IT,medium0.58,0.91,3,154,10,0,0,0,product_mng,high0.18,0.75,3,142,2,0,0,0,product_mng,low0.57,0.67,5,235,2,0,0,0,product_mng,low0.7,0.62,3,110,3,0,0,0,product_mng,low0.49,0.77,3,211,3,0,0,0,IT,high0.7,0.56,4,214,3,0,0,1,management,medium0.16,0.93,5,210,7,0,0,1,management,medium0.58,0.59,3,207,7,0,0,1,management,medium0.66,0.57,4,161,7,0,0,1,management,medium0.51,0.55,2,102,7,0,0,1,management,medium0.48,0.84,4,186,7,0,0,1,management,medium0.56,0.71,3,211,6,0,0,1,marketing,low0.81,0.62,3,240,6,0,0,1,sales,low0.57,0.7,4,237,6,0,0,0,accounting,low0.66,0.53,3,164,6,0,0,0,support,low0.22,0.91,6,222,8,0,0,0,technical,low0.96,0.71,3,205,8,1,0,0,management,medium0.87,0.88,4,140,8,0,0,0,marketing,medium0.61,0.42,2,103,8,0,0,0,marketing,medium0.66,0.85,3,178,8,1,0,0,marketing,medium0.9,0.51,4,137,6,0,0,0,sales,medium0.64,0.67,3,143,6,0,0,0,sales,medium0.76,0.82,4,170,6,0,0,0,sales,medium0.97,0.41,5,135,6,0,0,0,sales,medium0.69,0.76,3,174,6,0,0,0,sales,medium0.98,0.55,3,166,6,1,0,0,sales,medium0.18,0.61,5,174,6,0,0,0,sales,medium0.62,0.91,3,251,10,0,0,0,sales,medium0.29,0.37,6,187,10,1,0,0,sales,high0.87,0.48,5,170,3,0,0,0,sales,low0.91,0.64,3,241,10,0,0,0,sales,medium0.53,0.79,3,221,10,1,0,0,sales,medium0.69,0.73,4,257,10,1,0,0,sales,medium0.14,0.58,4,275,10,0,0,0,sales,medium0.7,0.77,4,245,2,0,0,0,sales,low0.77,0.75,6,246,6,0,0,0,sales,low0.77,0.76,6,263,6,0,0,0,sales,low0.76,0.99,3,133,4,0,0,0,sales,low0.66,0.49,4,157,3,0,0,0,sales,low0.5,0.95,3,198,4,0,0,0,accounting,low0.57,0.9,5,145,3,0,0,0,accounting,low0.97,0.62,6,118,2,0,0,0,accounting,low0.26,0.99,5,184,5,0,0,0,hr,low0.72,0.62,3,243,2,1,0,0,hr,low0.83,0.93,3,247,2,0,0,0,hr,low0.55,0.4,3,158,3,0,0,0,hr,low0.77,0.74,5,243,2,0,0,0,technical,low0.24,0.63,4,203,5,0,0,0,technical,low0.8,0.96,3,161,3,0,0,0,technical,low0.5,0.59,4,214,3,1,0,0,technical,low0.66,0.59,4,179,3,0,0,0,technical,low0.66,0.77,4,188,2,0,0,0,technical,low0.66,0.81,3,174,3,0,0,0,technical,low0.96,0.83,3,177,4,0,0,0,technical,low0.75,0.94,5,194,4,0,0,0,technical,low0.78,0.77,3,244,2,0,0,0,technical,medium0.57,0.82,4,269,2,0,0,0,technical,medium0.78,0.68,2,159,3,1,0,0,support,medium0.57,0.88,4,140,2,0,0,0,support,medium0.84,0.56,5,224,2,0,0,0,support,medium0.23,0.94,5,242,4,0,0,0,support,medium0.53,0.37,3,180,3,0,0,0,support,medium0.82,0.71,3,150,3,0,0,0,support,medium0.59,0.64,5,269,3,0,0,0,support,medium0.5,0.52,2,178,2,0,0,0,support,medium1,0.74,2,187,3,0,0,0,support,medium0.94,0.61,3,140,2,0,0,0,support,medium0.86,0.61,4,193,2,0,0,0,support,high0.73,0.49,4,243,2,0,0,0,technical,low0.49,0.94,3,144,3,1,0,0,technical,medium0.79,0.73,2,147,2,0,0,0,technical,medium0.83,0.5,6,165,3,0,0,0,management,medium0.85,0.67,3,176,2,0,0,0,IT,medium0.65,0.37,3,170,6,0,0,0,IT,low0.94,0.65,4,213,2,1,0,0,IT,low0.76,0.81,4,242,2,0,0,0,IT,low0.77,0.54,4,139,3,1,0,0,IT,low0.77,0.91,4,239,3,1,0,0,product_mng,low0.59,0.64,5,123,2,0,0,0,product_mng,low0.69,0.9,3,185,4,0,0,0,product_mng,low0.51,0.85,4,186,2,0,0,0,product_mng,low0.8,0.67,3,178,3,0,0,0,IT,low0.98,0.7,3,153,10,0,0,0,management,high0.69,0.72,4,185,10,1,0,0,management,high0.14,0.76,4,142,10,0,0,0,management,high0.95,0.9,4,221,10,1,0,0,management,high0.53,0.61,3,148,10,0,0,0,management,high0.64,0.52,5,258,10,1,0,0,management,high0.51,0.73,4,229,3,0,0,0,sales,low0.36,0.73,2,111,2,0,0,0,sales,low0.62,0.97,2,271,3,0,0,0,sales,low0.98,0.58,4,133,3,0,0,0,sales,low0.53,0.7,4,223,3,0,0,0,sales,low0.8,0.95,4,272,2,0,0,0,sales,low0.73,0.77,3,233,3,0,0,0,sales,medium0.82,0.8,3,162,3,0,0,0,sales,medium0.62,0.75,5,165,4,0,0,0,sales,medium0.87,0.48,5,242,3,0,0,0,sales,medium0.43,0.65,4,124,2,0,0,0,sales,medium0.57,0.6,2,163,3,0,0,0,sales,medium0.91,0.77,3,144,3,0,0,0,sales,medium0.75,0.59,5,149,4,0,0,0,sales,medium0.76,0.8,5,217,2,0,0,0,sales,medium0.85,0.49,4,139,2,0,0,0,sales,medium0.56,0.67,3,270,2,0,0,0,sales,medium0.86,0.84,3,177,3,0,0,0,sales,medium0.21,0.43,5,175,2,1,0,0,sales,high0.94,0.59,3,151,2,0,0,0,sales,low0.98,0.74,3,185,3,0,0,0,sales,medium0.42,0.45,3,227,3,0,0,0,sales,medium0.98,0.89,4,218,2,0,0,0,sales,medium1,0.93,5,167,3,0,0,0,sales,medium0.95,0.52,3,183,2,1,0,0,sales,low0.95,0.5,4,259,3,0,0,0,sales,low0.68,0.53,3,138,2,1,0,0,sales,low0.64,0.38,5,122,4,0,0,0,sales,low0.24,0.62,6,225,6,0,0,0,sales,low0.37,0.72,3,121,2,0,0,0,sales,low0.67,0.4,4,274,3,0,0,0,sales,low0.86,0.89,4,153,4,0,0,0,sales,low0.43,0.38,3,119,2,0,0,0,sales,low0.67,0.67,4,141,2,1,0,0,sales,low0.92,0.6,4,161,3,0,0,0,IT,low0.43,0.46,2,186,2,0,0,0,product_mng,low0.52,0.8,3,252,4,0,0,0,product_mng,low0.16,0.42,3,182,3,1,0,0,product_mng,low0.49,0.6,4,264,2,1,0,0,product_mng,low0.37,0.63,4,167,3,0,0,0,IT,low0.98,0.68,5,171,3,0,0,0,management,high0.33,0.97,5,130,4,0,0,0,management,high0.14,0.79,5,271,4,0,0,0,management,high0.54,0.79,5,249,3,1,0,0,management,high0.63,0.48,4,180,4,0,0,0,management,high0.55,0.69,4,220,3,1,0,0,management,high0.84,0.53,3,210,4,1,0,0,marketing,medium0.51,0.97,4,258,2,0,0,0,sales,medium0.15,0.75,3,150,4,0,0,1,accounting,medium0.97,0.79,5,259,3,0,0,1,support,medium0.67,0.69,3,231,3,0,0,1,technical,medium0.48,0.67,4,220,3,0,0,1,management,medium0.69,0.58,4,149,3,0,0,1,marketing,medium0.6,0.62,3,238,4,0,0,1,marketing,medium0.82,0.71,2,209,5,0,0,1,marketing,medium0.86,0.95,4,149,3,0,0,1,sales,medium0.69,0.59,4,264,3,0,0,0,sales,medium0.87,0.87,5,207,2,0,0,0,sales,high0.17,0.78,3,239,6,0,0,0,sales,low0.94,0.51,6,239,5,0,0,0,sales,medium0.5,1,4,258,3,0,0,0,sales,medium0.16,0.72,3,203,3,0,0,0,sales,medium0.89,0.99,2,258,3,0,0,0,sales,medium0.69,0.51,3,257,3,1,0,0,IT,low0.5,0.51,5,134,3,0,0,0,product_mng,low0.16,0.46,6,240,2,0,0,0,product_mng,low0.75,0.99,2,237,5,1,0,0,product_mng,low0.64,0.66,5,157,2,0,0,0,product_mng,low0.78,0.43,4,275,3,0,0,0,IT,low0.81,0.74,2,228,3,0,0,0,management,high0.55,0.58,3,254,2,0,0,0,management,high0.53,0.53,4,257,2,0,0,0,management,high0.69,0.73,3,231,2,1,0,0,management,high0.8,0.53,3,217,3,0,0,0,management,high0.77,0.98,3,286,6,0,0,0,management,high0.84,0.8,4,236,3,0,0,0,marketing,low0.64,0.55,4,215,2,0,0,0,sales,low0.78,0.57,4,157,3,0,0,0,accounting,low0.67,0.7,3,149,3,0,0,0,support,low0.81,0.77,3,221,2,0,0,0,technical,low0.91,0.82,4,238,2,0,0,0,management,low0.75,0.89,6,250,2,0,0,0,marketing,medium0.78,0.96,3,202,4,1,0,0,marketing,medium0.54,0.52,4,173,2,0,0,0,marketing,medium0.77,0.71,5,250,3,1,0,0,sales,medium0.89,0.63,4,270,3,1,0,0,sales,medium0.16,0.98,3,232,5,0,0,0,sales,medium0.77,0.99,4,260,3,0,0,0,sales,medium0.69,0.48,5,232,4,0,0,0,sales,medium0.61,0.81,4,134,3,0,0,0,sales,medium0.59,0.81,4,189,3,0,0,0,sales,medium0.58,0.8,4,113,3,0,0,0,IT,medium0.88,0.67,5,264,3,0,0,0,product_mng,medium0.51,0.63,5,260,2,0,0,0,product_mng,high0.31,0.7,3,132,3,0,0,0,product_mng,low0.52,0.52,4,168,3,0,0,0,product_mng,medium0.57,0.46,3,186,3,1,0,0,IT,medium0.5,0.77,3,267,2,0,0,0,management,high0.74,0.63,3,180,3,0,0,0,management,high0.74,0.77,3,211,3,0,0,0,management,high0.82,0.51,2,268,2,0,0,0,management,high0.74,0.71,3,206,3,0,0,0,management,high0.2,0.59,6,113,3,0,0,0,management,high0.63,0.48,4,179,3,0,0,0,marketing,low0.19,0.8,6,157,6,1,0,0,sales,low0.4,0.62,4,127,5,0,0,0,accounting,low0.71,0.37,2,179,5,0,0,1,support,low0.84,0.73,4,197,3,0,0,1,technical,low0.59,0.84,4,251,4,1,0,1,management,low0.57,0.85,4,250,3,1,0,1,marketing,low0.81,0.61,2,176,5,0,0,1,marketing,low0.8,0.7,4,246,3,0,0,1,marketing,low0.49,0.66,3,155,3,0,0,1,sales,low0.55,0.64,3,178,2,0,0,1,sales,low0.68,0.4,3,213,5,1,0,1,sales,low0.55,0.67,3,150,2,0,0,1,sales,low0.59,0.62,3,166,2,0,0,0,sales,low0.91,0.8,5,169,4,0,0,0,sales,low0.48,0.9,4,208,3,0,0,0,sales,low0.84,0.66,3,209,2,0,0,0,sales,low0.73,0.54,4,167,3,0,0,0,IT,medium0.28,0.59,6,281,3,0,0,0,product_mng,medium0.77,0.65,3,156,4,0,0,0,product_mng,medium0.67,0.65,3,265,3,0,0,0,product_mng,medium0.5,0.53,3,142,3,1,0,0,product_mng,medium0.32,0.47,3,143,4,0,0,0,IT,medium0.57,0.78,3,134,3,0,0,0,RandD,medium0.51,0.8,5,268,3,0,0,0,RandD,medium0.61,0.6,3,255,2,0,0,0,RandD,medium0.83,0.73,4,157,2,0,0,0,RandD,medium0.87,0.97,5,151,3,0,0,0,RandD,medium0.7,0.63,3,157,2,0,0,0,RandD,medium0.78,0.65,3,139,3,0,0,0,marketing,high0.71,0.53,4,196,2,1,0,0,sales,low0.68,0.99,3,159,2,0,0,0,accounting,medium0.75,0.53,4,224,4,1,0,0,support,medium0.7,0.53,3,215,7,1,0,0,technical,medium0.59,0.94,5,157,7,1,0,0,management,medium0.64,0.87,4,157,7,0,0,0,marketing,low0.61,0.88,5,146,7,1,0,0,marketing,low0.77,0.49,2,286,7,0,0,0,marketing,low0.51,0.64,3,203,3,0,0,0,sales,low0.49,0.49,3,168,7,0,0,0,sales,low0.77,0.75,3,170,7,0,0,0,sales,low0.31,0.86,3,266,7,0,0,0,sales,low0.54,0.76,3,183,3,0,0,0,sales,low0.56,0.66,4,264,3,0,0,0,sales,low0.65,0.77,4,205,3,0,0,0,sales,low0.49,0.36,2,192,3,0,0,0,sales,low0.82,0.79,3,176,3,0,0,0,technical,low0.6,0.52,3,183,2,0,0,0,support,low0.64,0.63,3,156,6,1,0,0,support,low0.7,0.68,3,150,3,0,0,0,support,low0.65,0.89,4,204,8,1,0,0,support,low0.69,0.78,5,131,8,0,0,0,support,low0.93,0.74,5,248,8,1,0,0,support,low0.55,0.52,4,168,8,0,0,0,support,low0.75,0.87,4,146,8,1,0,0,support,low0.47,0.43,4,246,3,0,0,0,support,low0.72,0.88,5,216,10,1,0,0,support,medium0.59,0.92,3,203,10,0,0,0,support,medium0.98,0.49,3,199,10,0,0,0,technical,medium0.39,0.52,2,102,8,0,0,0,technical,medium0.93,0.87,4,139,8,0,0,0,technical,medium0.71,0.97,5,208,8,1,0,0,management,medium0.49,0.54,4,215,4,0,0,0,IT,medium0.63,0.93,4,233,3,0,0,0,IT,medium0.45,0.64,3,169,10,0,0,0,IT,medium0.77,0.64,3,190,10,1,0,0,IT,medium0.77,0.63,4,236,7,0,0,0,IT,medium0.5,0.92,4,266,7,0,0,0,product_mng,medium0.45,0.42,4,156,7,0,0,0,product_mng,high0.81,0.47,4,153,7,0,0,0,product_mng,low0.83,0.67,3,175,3,0,0,0,product_mng,medium0.47,0.76,6,174,10,0,0,0,IT,medium0.25,0.89,4,154,10,0,0,0,management,high0.89,0.55,5,251,10,0,0,0,management,high0.97,0.57,3,164,10,0,0,0,management,high0.6,0.65,2,225,10,0,0,0,management,high0.67,0.72,2,134,10,0,0,0,management,high0.89,0.77,3,144,3,0,0,0,management,high0.6,0.91,5,211,3,0,0,0,sales,low0.64,0.79,4,139,3,0,0,0,sales,low0.57,0.66,3,268,3,0,0,0,sales,low0.56,0.98,5,171,3,1,0,0,sales,low0.6,0.9,4,260,2,0,0,0,sales,medium0.17,0.66,6,224,3,0,0,0,sales,medium0.74,0.49,4,233,3,0,0,0,sales,medium0.44,0.41,3,125,7,0,0,0,sales,medium0.51,0.89,4,233,7,0,0,0,sales,medium0.86,0.57,3,162,7,0,0,0,sales,medium0.96,0.48,4,198,7,0,0,0,sales,medium0.87,0.82,4,198,7,0,0,0,sales,medium0.58,0.79,3,243,3,1,0,0,sales,medium0.24,0.56,4,281,7,0,0,0,sales,medium0.42,0.8,4,259,7,1,0,0,sales,medium0.65,0.94,4,184,7,0,0,0,sales,medium0.73,0.92,6,189,3,1,0,0,sales,medium0.63,0.6,4,258,3,0,0,0,sales,medium0.95,0.48,4,225,3,0,0,0,sales,medium0.52,0.83,5,145,3,0,0,0,sales,medium0.96,0.55,3,164,3,0,0,0,sales,medium0.66,0.51,4,254,2,0,0,0,sales,medium0.98,0.44,4,154,6,1,0,0,sales,medium0.56,0.79,5,248,3,0,0,0,sales,medium0.97,0.54,3,154,8,1,0,0,sales,medium0.72,0.92,3,242,8,0,0,0,sales,medium0.74,0.78,4,194,8,0,0,0,sales,medium0.2,0.6,5,261,8,0,0,0,sales,medium0.73,0.56,3,245,8,0,0,0,sales,medium0.76,0.79,3,247,3,0,0,0,sales,low0.65,0.54,4,147,10,0,0,0,sales,low0.66,0.5,3,139,10,1,0,0,sales,low0.96,0.97,6,137,10,0,0,0,sales,low0.57,0.55,4,177,8,0,0,0,sales,low0.61,0.82,4,184,8,0,0,0,IT,low0.57,0.69,3,212,8,0,0,0,product_mng,low0.59,0.47,3,159,4,0,0,0,product_mng,low0.92,0.68,4,178,3,0,0,0,product_mng,low0.79,0.56,3,149,10,0,0,0,product_mng,low0.95,0.66,4,223,10,0,0,0,IT,low0.24,0.81,6,263,7,0,0,0,management,high0.49,0.52,4,161,7,0,0,0,management,high0.49,0.68,3,192,7,0,0,0,management,high0.97,0.51,5,215,7,0,0,0,management,high0.55,0.78,4,261,3,0,0,0,management,high0.76,0.56,5,222,10,0,0,0,management,high0.53,0.99,3,223,10,0,0,0,marketing,low0.51,0.86,3,182,10,0,0,0,sales,low0.57,0.93,2,204,10,0,0,0,accounting,low0.58,0.91,3,195,10,0,0,0,support,low0.6,0.98,4,146,10,0,0,0,technical,low0.65,0.74,4,233,4,1,0,0,management,low0.91,0.75,2,147,3,0,0,0,marketing,low0.65,0.55,3,156,5,0,0,0,marketing,low0.18,0.49,3,240,2,1,0,0,marketing,low0.66,0.9,4,177,7,0,0,0,sales,low0.78,0.8,3,135,7,0,0,0,sales,medium0.82,0.65,5,178,7,1,0,0,sales,medium0.54,0.64,3,190,7,0,0,0,sales,medium0.95,0.84,3,240,7,0,0,0,sales,medium0.65,0.85,4,172,3,0,0,0,sales,medium0.83,0.55,3,271,7,0,0,0,sales,medium0.15,0.6,5,188,7,0,0,0,sales,medium0.59,0.59,4,197,7,0,0,0,IT,medium0.99,0.94,5,151,3,0,0,0,product_mng,medium0.76,0.72,3,263,3,0,0,0,product_mng,medium0.64,0.67,2,223,3,0,0,0,product_mng,medium0.95,0.75,4,151,3,0,0,0,product_mng,medium0.53,0.66,3,191,3,0,0,0,IT,high0.59,0.5,2,162,2,0,0,0,management,high0.69,0.86,5,195,6,0,0,0,management,high0.5,0.49,4,222,3,0,0,0,management,high0.89,0.96,3,179,8,0,0,0,management,high0.56,0.39,3,106,8,0,0,0,management,high0.77,0.68,3,214,8,1,0,0,management,high0.15,0.75,3,259,8,1,0,0,marketing,high0.88,0.58,3,145,8,0,0,0,sales,low0.89,0.86,4,153,3,0,0,0,accounting,low0.65,0.52,2,117,10,1,0,0,support,low0.58,0.99,3,207,10,0,0,0,technical,low0.56,0.85,3,265,10,1,0,0,management,low0.25,0.72,5,279,8,0,0,0,marketing,low0.87,0.89,4,225,8,0,0,0,marketing,low0.62,0.4,3,158,8,1,0,0,marketing,low0.72,0.75,4,211,4,0,0,0,sales,medium0.49,0.94,4,175,3,0,0,0,sales,medium0.57,0.91,4,224,10,0,0,0,sales,medium0.63,0.65,3,190,10,0,0,0,sales,medium0.91,0.63,5,240,7,0,0,0,sales,medium0.7,0.68,5,225,7,0,0,0,sales,medium0.66,0.95,5,192,7,0,0,0,sales,medium0.77,0.48,5,262,7,0,0,0,IT,medium0.68,0.97,3,250,3,1,0,0,product_mng,medium0.34,0.46,3,155,10,0,0,0,product_mng,medium0.97,0.64,4,238,10,1,0,0,product_mng,medium0.57,0.75,4,249,10,0,0,0,product_mng,medium0.66,0.65,3,272,10,0,0,0,IT,medium0.68,0.67,4,162,10,0,0,0,management,high0.49,0.78,4,254,10,0,0,0,management,high0.72,0.66,4,184,3,0,0,0,management,high0.77,0.89,4,269,10,0,0,0,management,high0.77,0.73,3,201,10,0,0,0,management,high0.59,0.73,4,247,10,0,0,0,management,high0.41,0.67,6,221,10,0,0,0,marketing,medium0.94,0.64,5,247,10,0,0,0,sales,medium0.91,0.61,4,135,10,0,0,0,accounting,medium0.7,0.84,3,260,4,1,0,0,support,medium0.51,0.52,3,188,3,0,0,0,technical,high0.22,0.7,4,159,5,0,0,0,management,low0.69,0.65,3,153,2,0,0,0,marketing,medium0.2,0.68,5,167,7,0,0,0,marketing,medium0.9,0.85,3,158,7,0,0,0,marketing,medium0.76,0.85,3,180,7,0,0,0,sales,medium0.88,0.51,3,211,7,0,0,0,sales,medium0.31,0.63,4,104,7,1,0,0,sales,medium0.17,0.66,6,174,3,0,0,0,sales,medium0.91,0.77,3,195,7,0,0,0,sales,medium0.97,0.38,5,211,7,1,0,0,sales,medium0.61,0.77,5,232,7,0,0,0,sales,medium0.74,0.67,5,216,3,0,0,0,sales,low0.65,0.82,5,265,3,0,0,0,IT,low0.87,0.73,5,184,3,0,0,0,product_mng,low0.56,0.71,5,244,3,0,0,0,product_mng,low0.78,0.69,4,202,3,0,0,0,product_mng,low0.73,0.57,3,146,2,0,0,0,product_mng,low0.66,0.78,4,161,6,0,0,0,IT,low0.15,0.81,5,280,3,1,0,0,RandD,high0.52,0.69,5,208,8,1,0,0,RandD,low0.44,0.66,6,134,8,0,0,0,RandD,high0.7,0.7,3,162,8,0,0,0,RandD,high0.63,0.52,5,209,8,1,0,0,RandD,low0.89,0.59,3,265,8,0,0,0,RandD,low0.96,0.85,4,173,3,0,0,0,marketing,high0.98,0.99,4,261,10,1,0,0,sales,low0.62,0.82,3,204,10,0,0,0,accounting,medium0.62,0.73,3,144,10,1,0,0,support,high0.69,0.43,5,113,8,0,0,0,technical,medium0.5,0.91,4,144,8,0,0,0,management,medium0.71,0.93,5,140,8,0,0,0,marketing,medium0.5,0.68,3,245,4,0,0,0,marketing,medium0.93,0.6,3,188,3,0,0,0,marketing,high0.95,0.77,5,199,10,1,0,0,sales,medium0.17,0.61,6,154,10,1,0,0,sales,medium0.92,0.68,4,138,7,0,0,0,sales,medium0.64,0.48,3,147,7,0,0,0,sales,high0.27,0.42,6,173,7,0,0,0,sales,medium0.66,0.87,3,223,7,0,0,0,sales,high0.59,0.69,3,200,3,0,0,0,sales,low0.93,0.98,4,189,10,0,0,0,sales,medium0.58,0.67,5,133,10,0,0,0,technical,medium0.96,0.6,3,160,10,0,0,0,support,medium0.69,0.85,3,153,10,0,0,0,support,medium0.41,0.38,4,142,10,1,0,0,support,low0.36,0.41,3,167,10,0,0,0,support,low0.71,0.78,4,227,2,0,0,0,support,low0.94,0.9,4,144,4,0,0,0,support,low0.51,0.76,4,140,3,0,0,0,support,low0.83,0.48,4,220,3,1,0,0,support,low0.22,0.62,3,180,3,0,0,0,support,low0.66,0.89,4,173,4,0,0,0,support,low0.14,0.58,3,179,5,0,0,0,support,low0.16,0.96,5,137,5,1,0,0,technical,low0.81,0.78,3,165,3,0,0,0,technical,high0.73,0.94,3,177,3,0,0,0,technical,low0.7,0.58,5,168,3,0,0,0,management,low0.62,0.73,3,245,4,0,0,0,IT,low0.5,0.83,5,258,2,0,0,0,IT,low0.7,0.88,3,159,2,0,0,0,IT,high0.53,0.73,3,163,3,1,0,0,IT,low0.87,0.9,3,174,2,0,0,0,IT,low0.59,0.6,3,214,2,1,0,0,product_mng,low0.94,0.67,4,191,3,1,0,0,product_mng,high0.2,0.53,5,272,5,0,0,0,product_mng,low0.42,0.44,3,183,2,0,0,0,product_mng,medium0.43,0.66,4,135,2,0,0,0,IT,high0.43,0.76,6,154,2,0,0,0,management,high0.77,0.86,5,238,3,0,0,0,management,high0.76,0.98,2,235,3,0,0,0,management,high0.82,0.9,3,215,4,0,0,0,management,high0.75,0.66,5,234,2,0,0,0,management,high0.63,0.98,4,187,3,0,0,0,management,high0.51,0.75,3,133,3,0,0,0,sales,medium0.23,0.7,3,123,5,0,0,0,sales,medium0.77,0.58,4,202,3,0,0,0,sales,medium0.54,0.63,4,140,3,0,0,0,sales,medium0.63,0.85,4,182,3,1,0,0,sales,high0.55,0.45,3,179,2,1,0,0,sales,low0.31,0.63,3,150,3,1,0,0,sales,medium0.98,0.74,4,151,3,0,0,0,sales,medium0.16,0.95,6,117,7,0,0,0,sales,medium0.54,0.78,3,156,7,0,0,0,sales,medium0.73,0.48,3,211,7,0,0,0,sales,medium0.16,0.63,6,286,7,0,0,1,sales,medium0.57,0.82,5,233,7,0,0,1,sales,medium0.88,0.88,4,222,3,1,0,1,sales,medium0.95,0.81,4,258,7,0,0,1,sales,medium0.93,0.7,5,231,7,0,0,1,sales,high0.91,0.58,3,220,7,0,0,1,sales,low0.77,0.82,4,134,3,0,0,1,sales,low0.24,0.94,6,141,3,1,0,0,sales,low0.74,0.74,5,160,3,1,0,0,sales,high0.53,0.59,4,259,3,0,0,0,sales,low0.89,0.77,5,232,3,0,0,0,sales,low0.23,0.77,5,272,2,0,0,0,sales,low0.69,0.66,3,215,6,0,0,0,sales,high0.52,0.72,4,222,3,0,0,0,sales,low0.9,0.58,3,244,8,0,0,0,sales,low0.92,0.63,5,224,8,1,0,0,sales,low0.72,0.59,5,200,8,1,0,0,sales,low0.92,0.61,4,143,8,0,0,0,sales,low0.79,0.86,5,238,8,0,0,0,sales,low0.48,0.89,4,145,3,0,0,0,sales,low0.27,0.76,4,108,10,0,0,0,sales,medium0.67,0.49,3,247,10,0,0,0,sales,medium0.48,0.7,3,213,10,0,0,0,sales,medium0.99,0.6,4,209,8,1,0,0,IT,medium0.49,0.88,4,240,8,0,0,0,product_mng,medium0.39,0.45,3,100,8,1,0,0,product_mng,medium0.99,0.92,4,265,4,1,0,0,product_mng,medium0.78,0.57,3,209,3,0,0,0,product_mng,medium0.5,0.73,3,154,10,0,0,0,IT,medium0.61,0.79,5,230,10,0,0,0,management,high0.88,0.6,4,208,7,0,0,1,management,high0.44,0.44,2,141,7,1,0,1,management,high0.73,0.78,3,262,7,1,0,1,management,high0.58,0.84,4,206,7,0,0,1,management,high0.74,0.98,3,166,3,1,0,1,management,high0.32,0.48,4,117,10,0,0,1,marketing,medium0.88,0.83,4,273,10,0,0,0,sales,medium0.81,0.9,4,270,10,0,0,0,accounting,medium0.59,0.92,3,138,10,0,0,0,support,low0.79,0.65,3,235,10,0,0,0,technical,low0.92,0.64,4,190,10,1,0,0,management,low0.76,0.85,3,192,3,0,0,0,marketing,low0.91,0.65,5,214,3,1,0,0,marketing,low0.8,0.84,4,242,2,1,0,0,marketing,low0.73,0.72,4,233,2,0,0,0,sales,low0.88,0.53,3,218,4,0,0,0,sales,low0.65,0.4,5,125,4,0,0,0,sales,low0.84,0.5,4,178,2,0,0,0,sales,low0.93,0.5,5,272,3,0,0,0,sales,low0.64,0.6,3,265,4,0,0,0,sales,low0.66,0.72,4,271,3,0,0,0,sales,low0.76,0.56,3,179,3,1,0,0,sales,low0.34,0.72,3,118,4,0,0,0,IT,low0.48,0.8,4,196,5,0,0,0,product_mng,low0.79,0.61,4,173,2,0,0,0,product_mng,low0.82,0.67,4,156,3,0,0,0,product_mng,low0.51,0.71,2,180,3,0,0,0,product_mng,low0.84,0.78,4,263,3,0,0,0,IT,low0.66,0.79,5,134,3,0,0,0,management,high0.72,0.88,3,189,3,1,0,0,management,high0.53,0.91,4,167,4,0,0,0,management,high0.81,0.8,5,132,2,1,0,0,management,high0.58,0.9,3,209,2,0,0,0,management,high0.82,0.56,2,227,5,1,0,0,management,high0.72,0.99,4,239,3,0,0,0,marketing,medium0.9,0.54,4,172,4,0,0,0,sales,medium0.98,0.91,3,188,4,0,0,0,accounting,medium0.56,0.74,3,265,3,0,0,0,support,medium0.77,0.82,3,153,3,1,0,0,technical,medium0.61,0.89,4,242,2,0,0,0,management,medium0.97,0.61,4,262,3,1,0,1,marketing,medium0.64,0.55,3,246,2,0,0,1,marketing,high0.99,0.97,4,211,2,0,0,1,marketing,low0.61,0.42,3,145,4,0,0,1,sales,medium0.72,0.71,4,256,3,0,0,1,sales,medium0.67,0.91,2,245,2,1,0,1,sales,medium0.9,0.56,3,151,3,0,0,0,sales,medium0.9,0.73,4,245,2,0,0,0,sales,low0.63,0.61,4,171,3,0,0,0,sales,low0.64,0.88,3,252,2,0,0,0,sales,low0.44,0.65,3,175,2,0,0,0,IT,low0.64,0.94,4,210,3,0,0,0,product_mng,low0.65,0.95,2,180,2,0,0,0,product_mng,low0.69,0.9,5,103,5,0,0,0,product_mng,low0.93,0.51,4,110,3,0,0,0,product_mng,low0.73,0.9,5,184,3,0,0,0,IT,low0.83,0.6,4,161,2,0,0,0,management,high0.82,0.49,5,210,3,0,0,0,management,high0.39,0.91,2,212,2,0,0,0,management,high0.53,0.47,6,106,6,0,0,0,management,high0.88,0.81,4,179,3,0,0,0,management,high0.8,0.6,5,217,3,0,0,0,management,high0.68,0.79,4,184,3,0,0,0,marketing,low0.66,0.6,3,210,2,0,0,0,sales,low0.61,0.61,4,246,2,0,0,0,accounting,low0.74,0.55,4,262,3,0,0,0,support,low0.61,0.83,4,245,3,1,0,1,technical,low0.57,0.99,3,222,3,1,0,1,management,low0.68,0.54,4,146,4,0,0,1,marketing,medium0.75,0.79,4,263,3,0,0,1,marketing,medium0.29,0.57,5,134,2,0,0,1,marketing,medium0.81,0.81,5,250,4,0,0,1,sales,medium0.53,0.68,4,173,3,0,0,0,sales,medium0.42,0.96,6,173,3,0,0,0,sales,medium0.64,0.67,4,252,3,1,0,0,sales,medium0.63,0.5,2,230,4,0,0,0,sales,medium0.81,0.81,4,212,2,1,0,0,sales,medium0.71,0.66,5,187,2,0,0,0,sales,medium0.7,0.83,5,241,2,0,0,0,sales,medium0.53,1,3,164,4,0,0,0,IT,medium0.16,0.93,6,218,6,1,0,0,product_mng,high0.17,0.55,4,194,3,0,0,0,product_mng,low0.7,0.95,3,158,2,0,0,0,product_mng,medium0.43,0.88,2,149,4,0,0,0,product_mng,medium0.49,0.62,4,161,2,0,0,0,IT,medium0.5,0.9,5,226,2,0,0,0,management,high0.57,0.59,2,111,2,0,0,0,management,high0.68,0.75,4,258,3,0,0,0,management,high0.62,0.61,3,266,2,0,0,0,management,high0.69,0.75,3,253,3,0,0,0,management,high0.63,0.7,5,160,3,0,0,0,management,high0.76,0.62,5,230,3,1,0,0,marketing,low0.62,0.76,5,198,3,0,0,0,sales,low0.82,0.69,3,250,3,0,0,0,accounting,low0.2,0.7,4,225,5,0,0,0,support,low0.16,0.7,3,178,3,1,0,0,technical,low0.2,0.78,4,196,3,0,0,0,management,low0.53,0.51,4,240,2,0,0,0,marketing,low0.71,0.63,3,204,3,0,0,0,marketing,low0.7,0.93,3,250,3,0,0,0,marketing,low0.92,0.94,2,224,2,0,0,0,sales,low0.81,0.92,4,268,3,0,0,0,sales,low0.79,0.62,5,167,3,0,0,0,sales,low0.53,0.64,3,168,3,0,0,0,sales,low0.51,0.56,4,168,2,0,0,0,sales,low0.78,0.9,5,158,3,0,0,0,sales,low0.5,0.91,3,240,3,0,0,0,sales,low0.92,1,4,261,4,0,0,0,sales,medium0.59,0.54,4,176,2,0,0,0,technical,medium0.77,0.55,3,217,3,0,0,0,support,medium0.74,0.87,5,224,2,0,0,0,support,medium0.67,0.97,4,196,3,0,0,0,support,medium0.56,0.59,3,223,3,0,0,0,support,medium0.84,0.44,5,131,5,1,0,0,support,medium0.53,0.77,2,167,2,0,0,0,support,medium0.86,0.71,5,273,3,0,0,0,support,medium0.77,0.68,3,98,3,0,0,0,support,medium0.97,0.94,4,253,3,0,0,0,support,medium0.69,0.87,5,174,3,0,0,0,support,medium0.73,0.9,3,274,2,0,0,0,support,high0.42,0.47,6,174,5,0,0,0,technical,low0.4,0.47,5,173,5,0,0,0,technical,medium0.33,0.41,2,198,4,0,0,0,technical,medium0.68,0.66,3,238,2,0,0,0,management,medium0.78,0.8,3,256,2,0,0,0,IT,medium0.92,0.6,3,179,2,0,0,0,IT,low0.66,0.66,4,273,4,1,0,0,IT,low0.6,0.45,3,104,4,0,0,0,IT,low0.86,0.83,4,208,3,1,0,0,IT,low0.61,0.49,3,275,2,0,0,0,product_mng,low0.71,0.68,3,231,2,1,0,0,product_mng,low0.86,0.62,4,186,3,0,0,0,product_mng,low0.96,0.59,3,241,3,0,0,0,product_mng,low0.7,0.54,3,194,2,1,0,0,IT,low0.38,0.49,4,196,3,0,0,1,management,high0.39,0.75,6,185,3,0,0,1,management,high0.49,0.4,2,148,2,1,0,1,management,high0.78,0.62,4,150,3,0,0,1,management,high0.74,0.79,5,121,5,0,0,1,management,high0.82,0.76,4,266,3,0,0,1,management,high0.6,0.42,2,109,6,0,0,0,sales,low0.72,0.99,3,143,4,0,0,0,sales,low0.73,0.97,3,174,3,0,0,0,sales,low0.89,0.55,4,159,2,0,0,0,sales,medium0.74,0.94,4,157,2,0,0,0,sales,medium0.83,0.57,2,222,2,0,0,0,sales,medium0.24,0.88,5,199,5,1,0,0,sales,medium0.93,0.89,3,255,7,1,0,0,sales,medium0.96,0.62,4,253,7,0,0,0,sales,medium0.16,0.68,5,149,7,1,0,0,sales,medium0.21,0.85,6,285,7,0,0,0,sales,medium0.69,0.54,3,164,7,0,0,0,sales,medium0.66,0.96,3,243,3,1,0,0,sales,medium0.67,0.39,2,207,7,0,0,0,sales,medium0.85,0.58,4,186,7,0,0,0,sales,medium0.37,0.92,4,211,7,0,0,0,sales,high0.64,0.64,2,190,3,0,0,0,sales,low0.91,0.82,2,241,3,0,0,0,sales,medium0.96,0.68,3,206,3,0,0,0,sales,medium0.74,0.7,4,273,3,0,0,0,sales,medium0.94,0.99,2,157,3,0,0,0,sales,medium0.37,0.72,3,183,2,0,0,0,sales,low0.92,0.85,3,151,6,1,0,0,sales,low0.86,0.72,3,217,3,0,0,0,sales,low0.66,0.49,5,235,8,1,0,0,sales,low0.19,0.61,4,127,8,0,0,0,sales,low0.65,0.61,5,167,8,0,0,0,sales,low0.92,0.44,3,260,8,0,0,0,sales,low0.83,0.8,3,240,8,0,0,0,sales,low0.94,0.82,4,187,3,0,0,0,sales,low0.42,0.69,3,126,2,0,0,0,sales,low0.78,0.53,6,168,3,0,0,0,sales,low0.58,0.76,4,197,5,0,0,0,sales,low0.5,0.64,2,170,8,0,0,0,sales,low0.82,0.76,3,219,8,1,0,0,IT,low0.97,0.92,6,137,8,1,0,0,product_mng,low0.8,0.93,3,225,4,0,0,0,product_mng,low0.82,0.84,3,194,3,0,0,0,product_mng,low0.95,0.99,5,251,4,0,0,0,product_mng,low0.88,0.51,5,195,4,0,0,0,IT,low0.5,0.86,3,180,7,0,0,1,management,high0.53,0.8,2,225,7,1,0,1,management,high0.82,0.74,3,229,7,0,0,1,management,high0.15,0.74,6,144,7,0,0,1,management,high0.92,0.7,3,129,3,0,0,1,management,high0.53,0.74,3,172,10,0,0,1,management,high0.58,1,4,220,10,0,0,0,marketing,medium0.88,0.74,3,273,10,0,0,0,sales,medium0.85,0.72,3,245,10,0,0,0,accounting,medium0.99,0.68,5,264,10,1,0,0,support,medium0.94,0.73,3,268,10,0,0,0,technical,medium0.63,0.94,3,172,3,0,0,0,management,medium0.85,0.9,3,245,3,0,0,0,marketing,medium0.95,0.66,5,192,3,0,0,0,marketing,medium0.71,0.66,3,268,4,0,0,0,marketing,high0.49,0.88,4,244,3,0,0,0,sales,low0.71,0.69,4,222,4,0,0,0,sales,medium0.52,0.62,5,239,2,0,0,0,sales,medium0.48,0.72,3,143,4,0,0,0,sales,medium0.82,0.79,3,160,3,0,0,0,sales,medium0.83,0.76,2,255,7,0,0,0,sales,low0.85,0.87,4,152,7,0,0,0,sales,low0.57,0.64,4,226,7,0,0,0,sales,low0.16,0.63,5,266,7,0,0,0,IT,low0.85,0.64,5,256,7,0,0,0,product_mng,low0.82,0.67,3,198,3,1,0,0,product_mng,low0.9,0.89,4,254,7,0,0,0,product_mng,low0.92,0.64,2,104,7,0,0,0,product_mng,low0.9,0.48,4,136,7,0,0,0,IT,low0.82,0.8,5,205,3,0,0,0,IT,low0.84,0.81,4,236,3,1,0,0,IT,low0.92,0.65,3,176,3,0,0,0,IT,low0.82,0.82,3,148,3,0,0,0,IT,low0.8,0.8,4,146,3,1,0,0,IT,low0.6,0.85,3,242,2,0,0,0,IT,low0.14,0.38,5,115,6,1,0,0,marketing,high0.85,0.89,4,150,3,0,0,0,accounting,high0.55,0.81,3,239,8,0,0,0,accounting,high0.49,0.71,4,178,8,0,0,0,IT,medium0.82,0.58,5,263,8,0,0,0,IT,medium0.59,0.77,3,272,8,0,0,0,management,high0.9,0.82,3,133,8,0,0,0,marketing,medium0.62,0.72,3,149,3,1,0,0,marketing,medium0.61,0.68,3,193,2,0,0,0,marketing,medium0.52,0.55,5,174,3,1,0,0,sales,medium0.79,0.87,4,223,5,0,0,0,sales,medium0.49,0.89,4,201,8,0,0,0,sales,medium0.73,0.67,2,139,8,0,0,0,sales,medium0.67,0.49,5,241,8,0,0,0,sales,medium0.52,0.61,4,187,4,1,0,0,sales,medium0.72,0.64,4,192,3,0,0,0,sales,medium0.48,0.5,5,142,4,0,0,0,IT,medium0.19,0.79,4,229,4,0,0,0,product_mng,medium0.49,0.49,3,104,7,0,0,0,product_mng,high0.9,0.76,3,255,7,0,0,0,product_mng,low0.49,0.49,4,212,7,0,0,0,product_mng,medium0.6,0.53,2,235,7,0,0,0,IT,medium0.62,0.85,3,237,3,1,0,0,IT,medium0.64,0.5,4,253,10,0,0,1,management,high0.22,0.94,3,193,10,0,0,1,management,high0.9,0.55,3,259,10,1,0,1,management,high0.74,0.95,5,266,10,0,0,1,management,high0.85,0.54,3,185,10,0,0,1,management,high0.33,0.65,3,172,10,0,0,1,marketing,high0.5,0.73,4,180,3,0,0,0,IT,low0.38,0.53,2,157,3,0,1,0,sales,low0.8,0.86,5,262,6,0,1,0,sales,medium0.11,0.88,7,272,4,0,1,0,sales,medium0.72,0.87,5,223,5,0,1,0,sales,low0.37,0.52,2,159,3,0,1,0,sales,low0.41,0.5,2,153,3,0,1,0,sales,low0.1,0.77,6,247,4,0,1,0,sales,low0.92,0.85,5,259,5,0,1,0,sales,low0.89,1,5,224,5,0,1,0,sales,low0.42,0.53,2,142,3,0,1,0,sales,low0.45,0.54,2,135,3,0,1,0,sales,low0.11,0.81,6,305,4,0,1,0,sales,low0.84,0.92,4,234,5,0,1,0,sales,low0.41,0.55,2,148,3,0,1,0,sales,low0.36,0.56,2,137,3,0,1,0,sales,low0.38,0.54,2,143,3,0,1,0,sales,low0.45,0.47,2,160,3,0,1,0,sales,low0.78,0.99,4,255,6,0,1,0,sales,low0.45,0.51,2,160,3,1,1,1,sales,low0.76,0.89,5,262,5,0,1,0,sales,low0.11,0.83,6,282,4,0,1,0,sales,low0.38,0.55,2,147,3,0,1,0,sales,low0.09,0.95,6,304,4,0,1,0,sales,low0.46,0.57,2,139,3,0,1,0,sales,low0.4,0.53,2,158,3,0,1,0,sales,low0.89,0.92,5,242,5,0,1,0,sales,low0.82,0.87,4,239,5,0,1,0,sales,low0.4,0.49,2,135,3,0,1,0,sales,low0.41,0.46,2,128,3,0,1,0,accounting,low0.38,0.5,2,132,3,0,1,0,accounting,low0.09,0.62,6,294,4,0,1,0,accounting,low0.45,0.57,2,134,3,0,1,0,hr,low0.4,0.51,2,145,3,0,1,0,hr,low0.45,0.55,2,140,3,0,1,0,hr,low0.84,0.87,4,246,6,0,1,0,hr,low0.1,0.94,6,255,4,0,1,0,technical,low0.38,0.46,2,137,3,0,1,0,technical,low0.45,0.5,2,126,3,0,1,0,technical,low0.11,0.89,6,306,4,0,1,0,technical,low0.41,0.54,2,152,3,0,1,0,technical,low0.87,0.88,5,269,5,0,1,0,technical,low0.45,0.48,2,158,3,0,1,0,technical,low0.4,0.46,2,127,3,0,1,0,technical,low0.1,0.8,7,281,4,0,1,0,technical,low0.09,0.89,6,276,4,0,1,0,technical,low0.84,0.74,3,182,4,0,1,0,technical,low0.4,0.55,2,147,3,0,1,0,support,low0.57,0.7,3,273,6,0,1,0,support,low0.4,0.54,2,148,3,0,1,0,support,low0.43,0.47,2,147,3,0,1,0,support,low0.13,0.78,6,152,2,0,1,0,support,low0.44,0.55,2,135,3,0,1,0,support,low0.38,0.55,2,134,3,0,1,0,support,low0.39,0.54,2,132,3,0,1,0,support,low0.1,0.92,7,307,4,0,1,0,support,low0.37,0.46,2,140,3,0,1,0,support,low0.11,0.94,7,255,4,0,1,0,support,low0.1,0.81,6,309,4,0,1,0,technical,low0.38,0.54,2,128,3,0,1,0,technical,low0.85,1,4,225,5,0,1,0,technical,low0.85,0.91,5,226,5,0,1,0,management,medium0.11,0.93,7,308,4,0,1,0,IT,medium0.1,0.95,6,244,5,0,1,0,IT,medium0.36,0.56,2,132,3,0,1,0,IT,medium0.11,0.94,6,286,4,0,1,0,IT,medium0.81,0.7,6,161,4,0,1,0,IT,medium0.43,0.54,2,153,3,0,1,0,product_mng,medium0.9,0.98,4,264,6,0,1,0,product_mng,medium0.76,0.86,5,223,5,1,1,0,product_mng,medium0.43,0.5,2,135,3,0,1,0,product_mng,medium0.74,0.99,2,277,3,0,1,0,IT,medium0.09,0.77,5,275,4,0,1,0,product_mng,medium0.45,0.49,2,149,3,0,1,0,product_mng,high0.09,0.87,7,295,4,0,1,0,product_mng,low0.11,0.97,6,277,4,0,1,0,product_mng,medium0.11,0.79,7,306,4,0,1,0,product_mng,medium0.1,0.83,6,295,4,0,1,0,product_mng,medium0.4,0.54,2,137,3,0,1,0,marketing,medium0.43,0.56,2,157,3,0,1,0,sales,low0.39,0.56,2,142,3,0,1,0,accounting,low0.45,0.54,2,140,3,0,1,0,support,low0.38,0.49,2,151,3,0,1,0,technical,low0.79,0.59,4,139,3,0,1,1,management,low0.84,0.85,4,249,6,0,1,0,marketing,low0.11,0.77,6,291,4,0,1,0,marketing,low0.11,0.87,6,305,4,0,1,0,marketing,low0.17,0.84,5,232,3,0,1,0,sales,low0.44,0.45,2,132,3,0,1,0,sales,low0.37,0.57,2,130,3,0,1,0,sales,low0.1,0.79,6,291,4,0,1,0,sales,low0.4,0.5,2,130,3,0,1,0,sales,low0.89,1,5,246,5,0,1,0,sales,low0.42,0.48,2,143,3,0,1,0,sales,low0.46,0.55,2,129,3,0,1,0,sales,low0.09,0.83,6,255,4,0,1,0,sales,low0.37,0.51,2,155,3,0,1,0,sales,low0.1,0.77,6,265,4,0,1,0,sales,low0.1,0.84,6,279,4,0,1,0,sales,low0.11,0.97,6,284,4,0,1,0,sales,low0.9,1,5,221,6,0,1,0,sales,medium0.38,0.52,2,154,3,0,1,0,sales,medium0.36,0.52,2,147,3,0,1,0,sales,medium0.42,0.46,2,150,3,0,1,0,sales,medium0.09,0.94,7,267,4,0,1,0,sales,medium0.43,0.52,2,158,3,0,1,0,sales,medium0.24,0.46,7,224,5,0,1,0,accounting,medium0.91,1,4,257,5,0,1,0,accounting,medium0.44,0.5,2,148,3,0,1,0,accounting,medium0.71,0.87,3,177,4,0,1,0,hr,medium0.4,0.49,2,155,3,0,1,0,hr,medium0.43,0.47,2,144,3,0,1,0,hr,medium0.09,0.85,6,289,4,0,1,0,hr,high0.43,0.52,2,160,3,0,1,0,technical,low0.9,0.96,4,258,5,0,1,0,technical,medium0.84,1,5,234,5,0,1,0,technical,medium0.37,0.48,2,137,3,0,1,0,technical,medium0.86,0.68,5,263,2,0,1,0,technical,medium0.11,0.84,6,251,4,0,1,0,technical,low0.37,0.57,2,133,3,0,1,0,technical,low0.4,0.46,2,132,3,0,1,0,technical,low0.14,0.62,4,158,4,1,1,0,technical,low0.4,0.46,2,135,3,0,1,0,technical,low0.75,1,4,216,6,0,1,0,technical,low0.11,0.84,6,300,5,1,1,0,support,low0.46,0.49,2,138,3,0,1,0,support,low0.11,0.92,6,260,4,0,1,0,support,low0.38,0.49,2,132,3,0,1,0,support,low0.7,0.89,3,183,5,0,1,0,support,low0.09,0.82,6,250,4,0,1,0,support,low0.37,0.45,2,151,3,0,1,0,support,low0.1,0.83,6,292,4,0,1,0,support,low0.38,0.57,2,140,3,0,1,0,support,low0.9,1,5,221,5,0,1,0,support,low0.44,0.51,2,138,3,0,1,0,support,low0.36,0.5,2,132,3,0,1,0,technical,low0.31,0.84,7,133,5,0,1,0,technical,low0.1,0.84,6,283,4,1,1,0,technical,low0.42,0.48,2,129,3,0,1,0,management,low0.74,1,4,249,5,0,1,0,IT,low0.73,0.87,5,257,5,0,1,0,IT,low0.09,0.96,6,245,4,0,1,0,IT,low0.45,0.53,2,155,3,0,1,0,IT,low0.11,0.8,6,256,4,0,1,0,IT,low0.37,0.47,2,152,3,0,1,0,product_mng,low0.84,0.99,4,267,5,0,1,0,product_mng,low0.41,0.46,2,151,3,0,1,0,product_mng,low0.76,0.92,4,239,5,0,1,0,product_mng,low0.11,0.87,6,306,4,0,1,0,IT,low0.84,0.88,4,263,5,1,1,0,marketing,low0.39,0.5,2,147,3,0,1,0,marketing,low0.11,0.91,6,278,4,0,1,0,marketing,low0.45,0.56,2,154,3,0,1,0,marketing,low0.37,0.52,2,143,3,0,1,0,marketing,low0.4,0.52,2,155,3,0,1,0,marketing,low0.39,0.48,2,160,3,0,1,0,sales,low0.11,0.8,6,304,4,0,1,0,accounting,low0.83,1,5,240,5,0,1,0,support,low0.11,0.92,6,305,4,0,1,0,technical,low0.39,0.5,2,136,3,0,1,0,management,low0.45,0.45,2,132,3,0,1,0,marketing,low0.1,0.95,7,301,4,0,1,0,marketing,low0.9,0.98,5,243,6,0,1,0,marketing,low0.45,0.51,2,147,3,0,1,0,sales,low0.79,0.89,5,239,5,0,1,0,sales,low0.9,0.99,5,260,5,0,1,0,sales,low0.11,0.84,7,296,4,0,1,0,sales,low0.43,0.55,2,129,3,0,1,0,sales,low0.31,0.54,5,132,5,0,1,0,sales,low0.32,0.5,2,135,5,0,1,0,sales,low0.45,0.57,2,158,3,0,1,0,sales,low0.81,0.99,4,259,5,0,1,0,sales,low0.41,0.46,2,160,3,0,1,1,sales,low0.11,0.78,7,278,4,0,1,0,sales,low0.1,0.88,6,284,4,0,1,0,sales,low0.7,0.53,2,274,4,0,1,0,sales,low0.54,0.74,4,164,2,0,1,0,sales,low0.41,0.48,2,148,3,0,1,0,sales,low0.38,0.5,2,140,3,0,1,0,sales,medium0.37,0.51,2,127,3,0,1,0,sales,medium0.11,0.85,6,308,5,0,1,0,sales,medium0.4,0.47,2,146,3,0,1,0,sales,medium0.1,0.84,6,261,4,0,1,0,accounting,medium0.89,0.99,5,257,5,0,1,0,accounting,medium0.11,0.8,6,285,4,0,1,0,accounting,medium0.36,0.55,2,141,3,0,1,0,hr,medium0.4,0.46,2,127,3,0,1,0,hr,medium0.09,0.85,6,297,4,0,1,0,hr,medium0.4,0.46,2,143,3,0,1,0,hr,medium0.37,0.55,2,152,3,0,1,0,technical,medium0.44,0.51,2,156,3,0,1,0,technical,high0.09,0.8,7,283,5,0,1,0,technical,low0.92,0.87,4,226,6,1,1,0,technical,medium0.74,0.91,4,232,5,0,1,0,technical,medium0.09,0.82,6,249,4,0,1,0,technical,medium0.89,0.95,4,275,5,0,1,0,technical,medium0.09,0.8,6,304,4,0,1,0,technical,low0.27,0.54,7,278,3,0,1,0,technical,low0.1,0.91,6,287,4,0,1,0,technical,low0.1,0.89,7,285,4,0,1,0,technical,low0.77,0.94,5,226,6,0,1,0,support,low0.9,0.82,5,259,5,0,1,0,support,low0.39,0.5,2,135,3,0,1,0,support,low0.76,1,5,219,5,0,1,0,support,low0.1,0.93,6,256,4,0,1,0,support,low0.87,0.9,5,254,6,0,1,0,support,low0.38,0.5,2,153,3,0,1,0,support,low0.77,0.99,5,228,5,0,1,0,support,low0.78,0.87,4,228,5,0,1,0,support,low0.44,0.5,2,128,3,0,1,0,support,low0.38,0.52,2,153,3,0,1,0,support,low0.43,0.46,2,156,3,0,1,0,technical,low0.39,0.5,4,294,3,0,1,0,technical,low0.88,1,5,219,5,0,1,0,technical,low0.45,0.46,2,153,3,0,1,0,management,low0.4,0.53,2,151,3,0,1,0,IT,low0.36,0.51,2,155,3,0,1,0,IT,low0.36,0.48,2,158,3,0,1,0,IT,low0.9,0.98,5,245,5,0,1,0,IT,low0.43,0.53,2,131,3,0,1,0,IT,low0.89,0.87,5,225,5,0,1,0,product_mng,low0.1,0.84,6,286,4,0,1,0,product_mng,low0.37,0.5,2,135,3,0,1,0,product_mng,low0.37,0.51,2,153,3,0,1,0,product_mng,low0.87,0.9,5,252,5,0,1,0,IT,low0.4,0.56,2,149,3,0,1,0,accounting,low0.9,0.97,4,258,5,0,1,0,accounting,low0.37,0.46,2,158,3,0,1,0,hr,low0.44,0.54,2,149,3,0,1,0,hr,low0.85,0.95,5,236,5,0,1,0,hr,low0.78,0.98,5,239,6,0,1,0,marketing,low0.42,0.47,2,159,3,0,1,0,marketing,low0.92,0.99,5,255,6,0,1,0,sales,low0.11,0.83,6,244,4,0,1,0,accounting,low0.42,0.56,2,134,3,0,1,0,support,low0.48,0.57,4,270,4,0,1,0,technical,low0.83,0.85,4,255,5,0,1,0,management,low0.4,0.53,2,151,3,0,1,0,marketing,low0.43,0.45,2,135,3,0,1,0,marketing,low0.43,0.53,2,146,3,0,1,0,marketing,low0.1,0.97,7,254,4,0,1,0,sales,low0.1,0.87,7,289,4,0,1,0,sales,low0.37,0.46,2,156,3,0,1,0,sales,low0.38,0.53,2,156,3,0,1,0,sales,low0.4,0.5,2,128,3,0,1,0,sales,low0.89,0.86,5,275,5,0,1,0,sales,low0.45,0.46,2,155,3,0,1,0,sales,low0.37,0.48,2,159,3,0,1,0,sales,low0.46,0.49,2,148,3,0,1,0,sales,low0.87,0.91,4,228,5,0,1,0,sales,low0.11,0.84,6,298,4,0,1,0,sales,low0.79,0.87,5,261,5,0,1,0,sales,low0.79,0.92,5,254,6,0,1,0,sales,low0.19,0.59,7,192,3,0,1,0,sales,low0.87,0.98,4,248,5,0,1,0,sales,low0.6,0.92,2,258,5,0,1,0,sales,low0.44,0.45,2,156,3,0,1,0,sales,medium0.11,0.81,6,266,4,1,1,0,sales,medium0.42,0.54,2,156,3,0,1,0,sales,medium0.88,0.88,5,232,5,1,1,0,accounting,medium0.11,0.84,6,287,4,0,1,0,accounting,medium0.46,0.46,2,154,3,0,1,0,accounting,medium0.82,0.97,5,263,5,0,1,0,hr,medium0.44,0.56,2,131,3,0,1,0,hr,medium0.11,0.78,6,260,4,0,1,0,hr,medium0.42,0.5,2,139,3,0,1,0,hr,medium0.84,0.93,4,251,5,0,1,0,technical,medium0.11,0.95,6,286,4,0,1,0,technical,medium0.45,0.53,2,129,3,0,1,0,technical,high0.38,0.56,2,156,3,0,1,0,technical,low0.38,0.86,6,139,6,0,1,0,technical,medium0.44,0.51,2,127,3,0,1,0,technical,medium0.11,0.84,6,251,4,0,1,0,technical,medium0.81,0.93,5,270,5,0,1,0,technical,medium0.09,0.96,6,296,4,0,1,0,technical,low0.11,0.9,6,254,4,0,1,0,technical,low0.81,0.95,5,238,6,0,1,0,technical,low0.1,0.97,6,267,4,1,1,0,support,low0.74,0.89,5,229,6,0,1,0,support,low0.09,0.78,6,254,4,0,1,0,support,low0.82,0.81,4,233,4,1,1,0,support,low0.1,0.98,6,268,4,0,1,0,support,low0.27,0.56,3,301,3,0,1,0,support,low0.83,0.92,5,267,6,0,1,0,support,low0.1,0.93,6,289,4,1,1,0,support,low0.38,0.47,2,144,3,0,1,0,support,low0.4,0.56,2,148,3,0,1,0,support,low0.11,0.83,6,306,4,0,1,0,support,low0.11,0.79,6,292,4,0,1,1,technical,low0.82,0.91,5,232,5,0,1,0,technical,low0.36,0.48,2,137,3,0,1,0,technical,low0.4,0.46,2,128,3,0,1,0,management,low0.87,0.84,5,231,5,0,1,0,IT,low0.41,0.49,2,146,3,0,1,0,IT,low0.11,0.91,6,308,4,1,1,0,IT,low0.1,0.93,6,253,4,0,1,0,IT,medium0.38,0.51,2,146,3,0,1,0,IT,medium0.39,0.55,2,156,3,0,1,0,product_mng,medium0.4,0.52,2,147,3,0,1,0,product_mng,medium0.45,0.48,2,136,3,0,1,0,product_mng,medium0.74,0.84,5,249,5,0,1,0,product_mng,medium0.45,0.55,2,151,3,0,1,0,IT,medium0.12,1,3,278,4,0,1,0,RandD,medium0.1,0.77,7,250,5,0,1,0,RandD,medium0.37,0.55,2,127,3,0,1,0,RandD,medium0.89,0.87,5,255,5,0,1,0,RandD,medium0.45,0.47,2,135,3,0,1,0,RandD,medium0.37,0.46,2,149,3,0,1,0,marketing,high0.11,0.81,5,287,4,0,1,0,sales,low0.41,0.48,2,145,3,0,1,0,accounting,medium0.1,0.94,6,285,4,0,1,0,support,medium0.1,0.93,7,305,4,0,1,0,technical,medium0.11,0.95,7,300,4,0,1,0,management,medium0.4,0.54,2,139,3,0,1,0,marketing,low0.41,0.49,2,130,3,0,1,0,marketing,low0.1,0.81,6,268,4,0,1,0,marketing,low0.73,0.86,4,245,6,0,1,0,sales,low0.43,0.47,2,135,3,0,1,0,sales,low0.37,0.46,2,153,3,0,1,0,sales,low0.11,0.94,6,276,4,0,1,0,sales,low0.4,0.46,2,130,3,0,1,0,sales,low0.41,0.54,2,153,3,1,1,0,sales,low0.82,0.84,5,244,5,0,1,0,sales,low0.61,0.47,2,253,3,0,1,0,sales,low0.11,0.91,7,287,4,0,1,0,sales,low0.37,0.45,2,131,3,0,1,0,sales,low0.41,0.52,2,135,3,0,1,0,sales,low0.37,0.52,2,157,3,0,1,0,sales,low0.88,0.99,5,262,6,0,1,0,sales,low0.1,0.85,6,266,4,0,1,0,sales,low0.44,0.48,2,148,3,0,1,0,sales,low0.38,0.57,2,140,3,0,1,0,sales,low0.11,0.85,7,302,4,0,1,0,sales,low0.09,0.98,6,271,4,0,1,0,sales,low0.45,0.52,2,145,3,0,1,0,sales,medium0.1,0.81,6,290,4,0,1,0,accounting,medium0.45,0.47,2,151,3,0,1,0,accounting,medium0.77,0.87,5,266,5,0,1,0,accounting,medium0.44,0.51,2,140,3,0,1,0,hr,medium0.39,0.5,2,142,3,0,1,0,hr,medium0.1,0.91,6,246,4,0,1,0,hr,medium0.09,0.89,7,308,5,0,1,0,hr,medium0.37,0.47,2,141,3,0,1,0,technical,medium0.9,1,5,232,5,0,1,0,technical,medium0.41,0.56,2,143,3,0,1,0,technical,medium0.37,0.52,2,155,3,0,1,0,technical,medium0.1,0.86,6,278,4,0,1,0,technical,high0.81,1,4,253,5,0,1,0,technical,low0.11,0.8,6,282,4,0,1,0,technical,medium0.11,0.84,7,264,4,0,1,0,technical,medium0.4,0.46,2,149,3,0,1,0,technical,medium0.09,0.8,6,304,5,0,1,0,technical,medium0.48,0.93,3,219,6,0,1,0,technical,low0.91,0.91,4,262,6,0,1,0,support,low0.43,0.57,2,135,3,0,1,0,support,low0.33,0.88,6,219,5,0,1,0,support,low0.41,0.57,2,136,3,0,1,0,support,low0.41,0.55,2,154,3,0,1,0,support,low0.37,0.54,2,149,3,0,1,0,support,low0.31,0.62,6,135,5,0,1,0,support,low0.09,0.91,6,275,4,0,1,0,support,low0.1,0.87,6,290,4,0,1,0,support,low0.76,0.9,4,263,5,0,1,0,support,low0.41,0.54,2,145,3,0,1,0,support,low0.72,0.96,5,267,5,0,1,0,technical,low0.4,0.5,2,141,3,1,1,0,technical,low0.91,0.87,4,235,5,0,1,0,technical,low0.1,0.83,6,258,4,0,1,0,management,low0.4,0.56,2,131,3,0,1,0,IT,low0.82,0.86,5,243,5,0,1,0,IT,low0.1,0.82,6,266,4,0,1,0,IT,low0.37,0.45,2,142,3,0,1,0,IT,low0.36,0.51,2,135,3,0,1,0,IT,low0.39,0.48,2,141,3,0,1,0,product_mng,medium0.36,0.57,2,142,3,0,1,0,product_mng,medium0.86,0.84,5,254,5,0,1,0,product_mng,medium0.73,0.99,5,262,5,0,1,0,product_mng,medium0.56,0.71,4,296,2,0,1,0,IT,medium0.44,0.56,2,158,3,0,1,0,accounting,medium0.31,0.56,4,238,2,0,1,0,accounting,medium0.77,0.93,4,231,5,0,1,0,hr,medium0.44,0.45,2,156,3,0,1,0,hr,medium0.38,0.46,2,145,3,0,1,0,hr,medium0.45,0.48,2,144,3,0,1,0,marketing,medium0.38,0.51,2,159,3,0,1,0,sales,medium0.36,0.48,2,156,3,0,1,0,accounting,high0.75,0.9,5,256,5,0,1,0,support,low0.1,0.93,6,298,4,0,1,0,technical,medium0.1,0.97,6,247,4,0,1,0,management,medium0.45,0.5,2,157,3,0,1,0,marketing,medium0.42,0.57,2,154,3,1,1,0,marketing,medium0.78,1,4,253,5,0,1,0,marketing,low0.45,0.55,2,148,3,0,1,0,sales,low0.84,1,4,261,5,0,1,0,sales,low0.11,0.93,6,282,4,0,1,0,sales,low0.42,0.56,2,133,3,0,1,0,sales,low0.45,0.46,2,128,3,0,1,0,sales,low0.46,0.57,2,139,3,0,1,0,sales,low0.09,0.79,6,293,5,0,1,0,sales,low0.87,0.83,4,265,6,0,1,0,sales,low0.1,0.87,6,250,4,0,1,0,sales,low0.91,1,5,251,6,0,1,0,sales,low0.76,0.92,4,246,5,0,1,0,sales,low0.74,1,5,275,5,0,1,0,sales,low0.92,0.93,5,240,5,0,1,0,sales,low0.76,0.87,5,245,5,0,1,0,sales,low0.47,0.5,4,254,4,0,1,0,sales,low0.73,0.99,5,241,5,0,1,0,sales,low0.09,0.94,6,257,4,0,1,0,sales,low0.91,0.92,4,246,5,0,1,0,sales,low0.82,0.98,4,233,5,0,1,0,sales,low0.28,0.45,6,218,4,0,1,0,accounting,low0.84,0.99,4,262,6,0,1,0,accounting,medium0.45,0.53,2,138,3,0,1,0,accounting,medium0.45,0.54,2,142,3,0,1,0,hr,medium0.91,0.97,5,233,5,0,1,0,hr,medium0.42,0.48,2,155,3,0,1,0,hr,medium0.82,1,4,229,6,0,1,0,hr,medium0.11,0.9,6,264,4,0,1,0,technical,medium0.42,0.53,3,199,4,0,1,0,technical,medium0.82,0.85,4,223,5,0,1,0,technical,medium0.09,0.96,6,268,4,0,1,0,technical,medium0.1,0.94,6,287,4,0,1,0,technical,medium0.86,1,5,257,5,0,1,0,technical,medium0.4,0.46,2,143,3,0,1,0,technical,high0.45,0.46,2,130,3,0,1,0,technical,low0.42,0.51,2,136,3,0,1,0,technical,medium0.74,0.92,4,261,5,0,1,0,technical,medium0.55,0.6,3,180,4,0,1,0,technical,medium0.37,0.45,2,126,3,0,1,0,support,medium0.41,0.52,2,127,3,1,1,0,support,low0.89,0.65,5,195,6,0,1,0,support,low0.41,0.57,2,160,3,0,1,0,support,low0.44,0.51,2,150,3,0,1,0,support,low0.87,0.84,4,264,6,0,1,0,support,low0.1,0.84,6,309,4,0,1,0,support,low0.41,0.47,2,135,3,0,1,0,support,low0.11,0.85,6,261,4,0,1,0,support,low0.43,0.53,2,160,3,0,1,0,support,low0.77,0.9,4,237,5,0,1,0,support,low0.41,0.52,2,136,3,0,1,0,technical,low0.41,0.48,2,139,3,0,1,0,technical,low0.36,0.78,2,151,4,0,1,0,technical,low0.77,1,5,229,5,0,1,0,management,low0.81,0.98,5,245,5,0,1,0,IT,low0.39,0.54,2,127,3,0,1,0,IT,low0.09,0.94,6,283,5,0,1,0,IT,low0.44,0.46,2,143,3,0,1,0,IT,low0.1,0.84,5,298,4,0,1,0,IT,low0.36,0.48,2,159,3,0,1,0,product_mng,low0.81,0.92,5,239,5,0,1,0,product_mng,low0.81,0.9,4,226,5,0,1,0,product_mng,medium0.85,0.98,5,248,5,0,1,0,product_mng,medium0.1,0.87,6,286,4,0,1,0,IT,medium0.37,0.54,2,145,3,0,1,0,RandD,medium0.09,0.97,7,254,4,1,1,0,RandD,medium0.44,0.53,2,127,3,0,1,0,RandD,medium0.86,0.93,5,223,5,0,1,0,RandD,medium0.77,1,4,255,5,0,1,0,RandD,medium0.41,0.48,2,136,3,0,1,0,marketing,medium0.4,0.48,2,137,3,0,1,0,sales,medium0.43,0.49,2,135,3,0,1,0,accounting,medium0.43,0.5,2,137,3,0,1,0,support,medium0.8,0.53,3,255,5,0,1,0,technical,high0.8,0.85,4,273,5,0,1,0,management,low0.82,0.98,5,234,5,0,1,0,marketing,medium0.37,0.54,2,152,3,0,1,0,marketing,medium0.37,0.48,2,134,3,0,1,0,marketing,medium0.09,0.95,6,292,4,0,1,0,sales,medium0.9,0.92,5,245,5,0,1,0,sales,low0.41,0.52,2,159,3,0,1,0,sales,low0.1,0.85,6,260,4,0,1,0,sales,low0.44,0.53,2,149,3,0,1,0,sales,low0.89,0.85,5,266,5,0,1,0,sales,low0.42,0.56,2,149,3,0,1,0,sales,low0.87,1,5,242,5,0,1,0,sales,low0.45,0.57,2,134,3,0,1,0,sales,low0.11,0.87,5,271,4,0,1,0,sales,low0.09,0.79,6,275,4,0,1,0,sales,low0.76,0.83,5,227,5,0,1,0,sales,low0.11,0.96,7,277,5,0,1,0,sales,low0.37,0.49,2,151,3,0,1,0,sales,low0.1,0.79,6,274,4,0,1,0,sales,low0.77,0.87,4,242,6,0,1,0,sales,low0.42,0.54,2,143,3,1,1,0,sales,low0.38,0.52,2,145,3,0,1,0,sales,low0.32,0.95,5,172,2,0,1,0,sales,low0.38,0.49,2,135,3,0,1,0,accounting,low0.19,1,4,192,4,0,1,0,accounting,low0.1,0.83,7,276,4,0,1,0,accounting,low0.76,0.88,4,206,4,0,1,0,hr,medium0.53,0.56,4,281,6,0,1,0,hr,medium0.39,0.51,2,151,3,0,1,0,hr,medium0.11,0.83,6,244,4,0,1,0,hr,medium0.1,0.94,6,309,4,0,1,0,technical,medium0.84,1,5,218,5,0,1,0,technical,medium0.82,0.99,4,263,6,0,1,0,technical,medium0.1,0.82,6,244,4,0,1,0,technical,medium0.59,0.49,7,263,4,0,1,0,technical,medium0.44,0.48,2,143,3,0,1,0,technical,medium0.89,0.95,2,181,5,0,1,0,technical,medium0.91,0.84,5,265,5,0,1,0,technical,medium0.66,0.57,5,161,5,0,1,0,technical,high0.11,0.87,7,282,5,0,1,0,technical,low0.43,0.51,2,155,3,0,1,0,technical,medium0.78,0.83,4,217,6,0,1,0,support,medium0.11,0.97,6,289,5,0,1,0,support,medium0.83,0.98,4,259,5,0,1,0,support,medium0.39,0.54,2,158,3,0,1,0,support,low0.38,0.55,2,158,3,0,1,0,support,low0.37,0.57,2,155,3,0,1,0,support,low0.44,0.48,2,146,3,0,1,0,support,low0.53,0.85,2,164,5,0,1,0,support,low0.09,0.96,6,259,4,0,1,0,support,low0.11,0.89,6,293,4,0,1,0,support,low0.83,0.96,5,275,5,0,1,0,support,low0.88,1,5,219,6,1,1,0,technical,low0.1,0.89,6,247,4,0,1,0,technical,low0.09,0.86,7,309,4,0,1,0,technical,low0.44,0.54,2,151,3,0,1,0,management,low0.39,0.51,2,129,3,0,1,0,IT,low0.87,0.94,4,274,5,0,1,0,IT,low0.74,0.99,4,233,5,0,1,0,IT,low0.1,0.95,7,289,4,0,1,0,IT,low0.74,0.82,4,239,6,0,1,0,IT,low0.75,0.99,5,221,5,0,1,0,product_mng,low0.41,0.56,2,150,3,0,1,0,product_mng,low0.41,0.45,2,144,3,1,1,0,product_mng,low0.09,0.9,7,289,4,0,1,0,product_mng,low0.09,0.8,6,301,5,0,1,0,IT,medium0.39,0.57,2,145,3,0,1,0,accounting,medium0.4,0.56,2,137,3,0,1,0,accounting,medium0.37,0.54,2,131,3,1,1,0,hr,medium0.1,0.84,6,246,4,0,1,0,hr,medium0.43,0.51,2,136,3,0,1,0,hr,medium0.75,0.85,5,240,6,1,1,0,marketing,medium0.37,0.56,2,156,3,0,1,0,sales,medium0.11,0.85,6,305,4,0,1,0,accounting,medium0.45,0.45,2,154,3,1,1,0,support,medium0.87,1,5,261,5,1,1,0,technical,medium0.11,0.94,7,244,4,0,1,0,management,medium0.45,0.54,2,129,3,0,1,0,marketing,high0.81,0.87,4,254,5,0,1,0,marketing,low0.77,0.91,5,236,5,0,1,0,marketing,medium0.89,0.92,5,237,5,0,1,0,sales,medium0.43,0.49,2,135,3,0,1,0,sales,medium0.78,1,5,236,5,0,1,0,sales,medium0.37,0.47,2,149,3,0,1,0,sales,low0.37,0.5,2,141,3,0,1,0,sales,low0.85,0.82,4,270,5,0,1,0,sales,low0.41,0.47,2,138,3,0,1,0,sales,low0.11,0.96,6,298,4,0,1,0,sales,low0.75,0.99,5,254,5,0,1,0,sales,low0.82,0.85,5,248,5,0,1,0,sales,low0.79,1,5,257,6,0,1,0,sales,low0.43,0.53,2,150,3,0,1,0,sales,low0.1,0.9,7,281,4,0,1,0,sales,low0.46,0.48,2,141,3,1,1,0,sales,low0.43,0.57,2,157,3,0,1,0,sales,low0.43,0.55,2,136,3,0,1,0,sales,low0.11,0.8,7,296,4,0,1,0,sales,low0.09,0.86,6,279,4,0,1,0,sales,low0.37,0.53,2,131,3,0,1,0,sales,low0.4,0.57,2,160,3,0,1,0,accounting,low0.1,0.77,7,291,4,0,1,0,accounting,low0.41,0.53,2,157,3,0,1,0,accounting,low0.79,0.58,3,294,4,0,1,0,hr,low0.11,0.79,7,310,4,0,1,0,hr,low0.1,0.97,6,282,4,0,1,0,hr,medium0.44,0.51,2,134,3,0,1,0,hr,medium0.25,0.46,4,214,4,0,1,0,technical,medium0.44,0.52,2,137,3,0,1,0,technical,medium0.73,1,4,252,5,0,1,0,technical,medium0.75,0.97,5,243,6,0,1,0,technical,medium0.36,0.47,2,148,3,0,1,0,technical,medium0.37,0.49,2,151,3,0,1,0,technical,medium0.39,0.49,2,129,3,0,1,0,technical,medium0.48,0.78,2,198,2,0,1,0,technical,medium0.57,0.72,4,275,6,0,1,0,technical,medium0.9,0.96,5,243,5,0,1,0,technical,medium0.39,0.55,2,159,3,0,1,0,technical,high0.44,0.51,2,145,3,0,1,0,support,low0.81,0.88,5,242,5,0,1,0,support,medium0.74,0.87,5,242,5,0,1,0,support,medium0.44,0.56,2,145,3,0,1,0,support,medium0.41,0.56,2,154,3,0,1,1,support,medium0.4,0.51,2,139,3,0,1,0,support,low0.46,0.57,2,152,3,0,1,0,support,low0.8,0.83,2,211,3,0,1,0,support,low0.87,0.9,5,258,5,0,1,0,support,low0.39,0.54,2,155,3,0,1,0,support,low0.38,0.55,2,148,3,0,1,0,support,low0.66,0.67,2,255,3,0,1,0,technical,low0.1,0.8,6,264,4,0,1,0,technical,low0.37,0.54,2,132,3,0,1,0,technical,low0.1,0.77,6,255,4,0,1,0,management,low0.09,0.87,5,263,4,0,1,0,IT,low0.86,0.84,5,222,5,0,1,0,IT,low0.11,0.9,6,263,4,0,1,0,IT,low0.37,0.46,2,157,3,0,1,0,IT,low0.11,0.92,7,307,4,0,1,0,IT,low0.77,0.98,5,259,6,0,1,0,product_mng,low0.84,0.94,5,222,6,0,1,0,product_mng,low0.1,0.84,7,250,4,0,1,0,product_mng,low0.83,0.9,5,245,5,0,1,0,product_mng,low0.11,0.79,6,292,4,0,1,0,IT,low0.86,0.92,5,252,5,0,1,0,RandD,low0.38,0.56,2,161,3,0,1,0,RandD,medium0.11,0.88,5,250,4,0,1,0,RandD,medium0.45,0.49,2,134,3,0,1,0,RandD,medium0.1,0.85,7,279,4,0,1,0,RandD,medium0.09,0.95,7,256,4,0,1,0,marketing,medium0.39,0.53,2,127,3,0,1,0,sales,medium0.37,0.47,2,138,3,1,1,0,accounting,medium0.81,0.97,5,243,5,0,1,0,support,medium0.09,0.9,7,296,4,0,1,0,technical,medium0.1,0.88,7,267,4,0,1,0,management,medium0.39,0.49,2,144,3,0,1,0,marketing,medium0.83,0.95,4,251,5,0,1,0,marketing,medium0.45,0.57,2,148,3,0,1,0,marketing,high0.43,0.51,2,141,3,0,1,0,sales,low0.8,0.75,3,268,2,0,1,0,sales,medium0.1,0.86,6,247,4,0,1,0,sales,medium0.1,0.55,2,247,4,0,1,0,sales,medium0.36,0.52,2,146,3,0,1,0,sales,medium0.38,0.5,2,140,3,0,1,0,sales,low0.78,0.98,5,263,6,0,1,0,sales,low0.44,0.49,2,145,3,0,1,0,sales,low0.41,0.46,2,156,3,1,1,0,sales,low0.72,0.85,5,244,6,0,1,0,sales,low0.46,0.54,2,144,3,0,1,0,sales,low0.1,0.9,7,286,4,0,1,0,sales,low0.34,0.67,4,141,2,0,1,0,sales,low0.11,0.89,6,260,5,0,1,0,sales,low0.38,0.56,2,154,3,0,1,0,sales,low0.82,0.92,5,225,5,0,1,0,sales,low0.39,0.57,2,127,3,0,1,0,sales,low0.44,0.53,2,140,3,0,1,0,sales,low0.43,0.52,2,147,3,0,1,0,sales,low0.84,0.83,4,227,5,0,1,0,accounting,low0.43,0.48,2,153,3,0,1,0,accounting,low0.37,0.52,2,128,3,0,1,0,accounting,low0.74,0.97,4,228,5,0,1,0,hr,low0.73,0.97,5,235,5,0,1,0,hr,low0.37,0.47,2,148,3,0,1,0,hr,low0.58,0.62,4,238,3,0,1,0,hr,low0.4,0.54,2,141,3,0,1,0,technical,medium0.51,0.83,5,249,4,0,1,0,technical,medium0.46,0.5,2,151,3,0,1,0,technical,medium0.45,0.54,2,129,3,0,1,0,technical,medium0.46,0.5,2,156,3,0,1,0,technical,medium0.39,0.45,2,134,3,0,1,0,technical,medium0.09,0.88,6,269,4,0,1,0,technical,medium0.09,0.77,6,290,4,0,1,0,technical,medium0.37,0.51,2,132,3,0,1,0,technical,medium0.1,0.89,7,308,4,0,1,0,technical,medium0.77,1,4,232,5,0,1,0,technical,medium0.79,0.86,5,235,5,0,1,0,support,medium0.43,0.55,2,130,3,0,1,0,support,high0.38,0.53,2,146,3,0,1,0,support,low0.77,0.91,5,221,6,0,1,0,support,medium0.44,0.5,2,130,3,0,1,0,support,medium0.39,0.46,2,136,3,0,1,0,support,medium0.78,0.89,5,274,6,0,1,0,support,medium0.1,0.79,6,256,5,0,1,0,support,low0.1,0.77,5,276,4,0,1,0,support,low0.75,0.85,5,267,5,0,1,0,support,low0.46,0.62,6,213,3,0,1,0,support,low0.91,0.97,4,274,6,0,1,0,technical,low0.1,0.92,6,258,4,0,1,0,technical,low0.72,0.6,3,153,5,0,1,0,technical,low0.11,0.95,6,245,4,0,1,0,management,low0.11,0.94,6,264,4,0,1,0,IT,low0.46,0.57,2,154,3,0,1,0,IT,low0.37,0.46,2,149,3,0,1,0,IT,low0.46,0.5,2,157,3,0,1,0,IT,low0.43,0.57,2,127,3,0,1,0,IT,low0.11,0.82,6,270,4,0,1,0,product_mng,low0.73,0.89,5,236,6,0,1,0,product_mng,low0.43,0.47,2,158,3,0,1,0,product_mng,low0.86,1,5,229,5,0,1,0,product_mng,low0.1,0.83,6,269,4,0,1,0,IT,low0.4,0.49,2,128,3,0,1,0,sales,low0.11,0.87,7,278,4,0,1,0,sales,low0.86,0.98,3,158,5,0,1,0,sales,low0.42,1,3,202,3,0,1,0,sales,medium0.79,0.84,4,240,5,0,1,0,sales,medium0.1,0.96,7,255,4,0,1,0,marketing,medium0.09,0.92,7,254,4,0,1,0,sales,medium0.09,0.82,6,257,4,0,1,0,accounting,medium0.87,1,4,228,5,0,1,0,support,medium0.36,0.49,2,145,3,0,1,0,technical,medium0.42,0.75,3,218,4,0,1,0,management,medium0.84,0.86,5,268,5,0,1,0,marketing,medium0.1,0.83,6,278,4,0,1,0,marketing,medium0.78,0.71,3,249,5,0,1,0,marketing,medium0.35,0.99,3,236,4,0,1,0,sales,medium0.1,0.81,7,291,4,0,1,0,sales,high0.11,0.8,6,306,4,0,1,0,sales,low0.43,0.48,2,135,3,0,1,0,sales,medium0.38,0.45,2,156,3,0,1,0,sales,medium0.46,0.54,2,143,3,0,1,0,sales,medium0.89,0.82,4,243,5,0,1,0,sales,medium0.45,0.5,2,147,3,0,1,0,sales,low0.44,0.53,2,159,3,0,1,0,sales,low0.74,0.54,5,216,3,0,1,0,sales,low0.45,0.54,2,152,3,0,1,0,sales,low0.79,0.93,4,226,5,0,1,0,sales,low0.79,0.91,5,271,5,0,1,0,sales,low0.11,0.87,6,255,4,0,1,0,sales,low0.42,0.48,2,140,3,0,1,0,sales,low0.64,0.9,6,252,2,0,1,0,sales,low0.4,0.55,2,159,3,0,1,0,sales,low0.84,0.98,5,270,5,0,1,0,sales,low0.73,0.92,5,232,5,0,1,0,sales,low0.4,0.51,2,144,3,0,1,0,accounting,low0.36,0.45,2,127,3,0,1,0,accounting,low0.43,0.47,2,131,3,0,1,0,accounting,low0.11,0.78,6,243,4,0,1,0,hr,low0.91,1,5,244,6,0,1,0,hr,low0.8,1,5,260,5,0,1,0,hr,low0.42,0.49,2,139,3,0,1,0,hr,low0.31,0.87,4,184,3,0,1,0,technical,low0.44,0.47,2,130,3,0,1,0,technical,low0.38,0.54,2,135,3,0,1,0,technical,medium0.45,0.56,2,146,3,0,1,0,technical,medium0.43,0.46,2,149,3,0,1,0,technical,medium0.45,0.46,2,153,3,1,1,0,technical,medium0.43,0.57,2,160,3,0,1,0,technical,medium0.43,0.49,2,160,3,0,1,0,technical,medium0.09,0.83,6,282,4,0,1,0,technical,medium0.43,0.47,2,128,3,0,1,0,technical,medium0.79,0.94,4,232,5,0,1,0,technical,medium0.85,0.58,3,226,2,0,1,0,support,medium0.38,0.45,2,129,3,0,1,0,support,medium0.11,0.92,7,255,4,0,1,0,support,medium0.83,0.99,5,258,5,0,1,0,support,high0.81,0.91,4,229,5,0,1,0,support,low0.42,0.56,2,143,3,0,1,0,support,medium0.11,0.87,6,257,4,0,1,0,support,medium0.11,0.85,7,275,4,0,1,0,support,medium0.1,0.89,7,291,4,0,1,0,support,medium0.5,0.54,5,153,4,0,1,0,support,low0.44,0.49,2,154,3,0,1,0,support,low0.11,0.9,6,301,4,0,1,0,technical,low0.39,0.52,2,134,3,0,1,0,technical,low0.11,0.78,6,245,4,0,1,0,technical,low0.36,0.5,2,132,3,0,1,0,management,low0.43,0.51,2,130,3,0,1,0,IT,low0.4,0.5,2,127,3,0,1,0,IT,low0.86,0.84,4,246,6,0,1,0,IT,low0.38,0.49,2,145,3,0,1,0,IT,low0.46,0.45,2,138,3,0,1,1,IT,low0.37,0.57,2,129,3,0,1,0,product_mng,low0.43,0.52,2,150,3,0,1,0,product_mng,low0.66,0.93,5,253,5,0,1,0,product_mng,low0.37,0.48,2,160,3,0,1,0,product_mng,low0.77,0.92,5,235,5,0,1,0,IT,low0.38,0.55,2,151,3,0,1,0,sales,low0.39,0.54,2,127,3,0,1,0,sales,low0.41,0.55,2,151,3,0,1,0,sales,low0.1,0.9,7,290,4,0,1,0,sales,low0.09,0.93,6,249,4,0,1,0,sales,low0.41,0.47,2,131,3,0,1,0,marketing,medium0.39,0.46,2,159,3,0,1,0,sales,medium0.83,0.99,4,223,5,0,1,0,accounting,medium0.09,0.87,3,214,2,0,1,0,support,medium0.75,0.81,5,227,5,0,1,0,technical,medium0.44,0.54,2,127,3,0,1,0,management,medium0.1,0.84,6,293,5,0,1,0,marketing,medium0.42,0.46,2,141,3,0,1,0,marketing,medium0.1,0.83,6,300,4,0,1,0,marketing,medium0.1,0.86,6,309,4,0,1,0,sales,medium0.31,0.77,4,149,3,0,1,0,sales,medium0.42,0.54,2,159,3,0,1,0,sales,medium0.38,0.5,2,152,3,0,1,0,sales,high0.39,0.57,2,158,3,0,1,0,sales,low0.1,0.97,6,254,5,0,1,0,sales,medium0.11,0.93,6,294,4,0,1,0,sales,medium0.1,0.92,7,269,4,0,1,0,sales,medium0.11,0.9,7,247,4,0,1,0,sales,medium0.44,0.65,3,271,4,0,1,0,sales,low0.91,0.96,4,232,5,0,1,0,sales,low0.72,1,4,245,5,0,1,0,sales,low0.66,0.66,3,225,3,0,0,0,technical,low0.2,0.69,6,236,4,0,0,0,technical,low0.97,0.78,3,268,3,1,0,0,technical,low0.59,0.73,2,230,3,0,0,0,technical,low0.88,0.6,4,162,2,0,0,0,technical,low0.16,0.73,4,197,2,0,0,0,technical,low0.61,0.96,3,247,3,0,0,0,support,low0.52,0.79,4,234,3,0,0,0,support,low0.82,0.49,4,276,4,0,0,0,support,low0.75,0.94,5,217,2,0,0,0,support,medium0.62,0.5,4,156,2,0,0,0,support,medium0.91,0.88,3,189,2,0,0,0,support,medium0.61,0.98,2,238,4,0,0,0,support,medium0.79,0.77,3,201,6,1,0,0,support,medium0.9,0.93,4,263,3,1,0,0,support,medium0.75,0.83,3,146,3,0,0,0,support,medium0.81,0.64,4,213,3,0,0,0,support,medium0.59,0.88,3,159,2,0,0,0,technical,medium0.56,0.83,3,236,3,1,0,0,technical,medium0.98,0.79,5,257,4,0,0,0,technical,medium0.59,0.72,4,168,4,0,0,0,management,medium0.61,0.67,4,151,3,0,0,0,IT,high0.78,0.7,4,139,3,0,0,0,IT,low0.55,0.93,5,196,3,0,0,0,IT,medium0.2,0.97,4,237,5,0,0,0,IT,medium0.79,0.44,2,236,3,0,0,0,IT,medium0.52,0.98,4,265,3,0,0,0,product_mng,medium0.97,0.52,4,207,3,0,0,0,product_mng,low0.63,0.94,4,219,3,0,0,0,product_mng,low0.85,0.99,3,208,2,0,0,0,product_mng,low0.59,0.74,3,240,3,0,0,0,IT,low0.64,0.6,3,135,3,0,0,0,RandD,low0.8,0.67,3,236,3,1,0,0,RandD,low0.61,0.75,3,140,3,0,0,0,RandD,low0.87,0.61,3,162,2,0,0,0,RandD,low0.75,0.59,3,117,3,1,0,0,RandD,medium0.96,0.51,4,225,3,0,0,0,marketing,medium0.75,0.92,3,211,3,0,0,0,sales,medium0.19,0.58,4,173,5,0,0,0,accounting,medium0.52,0.97,4,170,3,0,0,0,support,medium0.6,0.6,3,242,3,0,0,0,technical,medium0.9,0.81,4,175,3,0,0,0,management,medium0.89,0.92,3,195,2,0,0,0,marketing,medium0.54,0.93,4,184,2,1,0,0,marketing,medium0.99,0.55,3,170,3,0,0,0,marketing,medium0.66,0.56,4,185,3,0,0,0,sales,medium0.92,0.64,4,259,2,0,0,0,sales,medium0.19,0.72,4,102,3,0,0,0,sales,medium0.39,0.37,5,156,4,0,0,0,sales,medium0.41,0.68,3,191,4,0,0,0,sales,medium0.6,0.49,3,239,2,0,0,0,sales,medium0.95,0.54,4,235,4,0,0,0,sales,medium0.51,0.87,2,130,4,0,0,0,sales,medium0.54,0.74,2,166,3,0,0,0,sales,medium0.16,0.54,5,206,5,0,0,0,sales,medium0.98,0.77,3,191,2,0,0,0,sales,medium0.65,0.75,3,214,3,0,0,0,sales,medium0.38,0.5,3,196,3,0,0,0,sales,medium0.95,0.71,4,151,4,0,0,0,sales,medium0.6,0.62,5,165,2,0,0,0,sales,medium0.78,0.91,3,177,2,0,0,0,sales,high0.19,0.63,6,241,6,0,0,0,sales,high0.56,0.99,4,230,3,0,0,0,sales,high0.21,0.71,4,270,2,0,0,0,sales,high0.83,0.71,3,234,4,0,0,0,accounting,high0.5,0.64,3,257,2,1,0,0,accounting,high0.74,0.87,5,264,3,0,0,0,accounting,high0.75,0.83,4,133,4,0,0,0,hr,high0.85,0.66,4,155,4,0,0,0,hr,high0.93,0.59,3,202,2,0,0,0,hr,high0.76,0.7,3,136,2,0,0,0,hr,high0.91,0.78,3,269,3,1,0,0,technical,high0.22,0.54,6,169,4,0,0,0,technical,low0.78,0.52,5,192,3,1,0,0,technical,low0.53,0.8,4,241,3,1,0,0,technical,low0.58,0.69,4,165,3,0,0,0,technical,low0.99,0.81,3,183,2,0,0,0,technical,low0.62,0.64,4,163,3,0,0,0,technical,low0.59,0.69,3,162,3,0,0,0,technical,low0.13,0.76,5,219,4,0,0,0,technical,low0.19,0.63,4,278,6,0,0,0,technical,low0.94,0.99,2,273,4,0,0,0,technical,low0.53,0.96,4,272,2,0,0,0,support,low0.96,0.85,5,168,2,0,0,0,support,low0.62,0.87,4,221,3,1,0,0,support,low0.81,0.86,4,213,3,0,0,0,support,low0.63,0.78,4,275,3,0,0,0,support,low0.92,0.68,5,177,4,0,0,0,support,medium0.83,0.74,4,249,2,0,0,0,support,medium0.49,0.37,5,246,3,0,0,0,support,medium0.8,0.66,4,223,3,0,0,0,support,medium0.54,0.76,4,244,2,0,0,0,support,medium0.37,0.72,3,169,2,1,0,0,support,medium0.93,0.56,5,140,3,0,0,0,technical,medium0.88,0.99,5,253,2,0,0,0,technical,medium0.79,0.87,3,194,2,0,0,0,technical,medium0.65,0.88,4,173,3,0,0,0,management,medium0.72,0.7,4,172,3,0,0,0,IT,medium0.58,0.49,3,167,3,0,0,0,IT,medium0.37,0.51,2,153,3,0,0,0,IT,high0.87,0.97,4,243,3,0,0,0,IT,high0.63,0.72,6,163,4,0,0,0,IT,high0.72,0.79,3,221,3,0,0,0,product_mng,high0.36,0.55,3,191,3,0,0,0,product_mng,high0.96,0.7,4,272,3,0,0,0,product_mng,high0.52,0.37,2,118,2,0,0,0,product_mng,high0.16,0.83,5,173,4,0,0,0,IT,high0.63,0.55,4,200,3,1,0,0,RandD,low0.92,0.76,5,132,3,1,0,0,RandD,low0.82,0.49,4,180,2,0,0,0,RandD,low0.18,0.54,4,145,5,0,0,0,RandD,low0.73,0.48,4,139,2,0,0,0,RandD,low0.44,0.61,5,230,6,0,0,0,marketing,low0.73,0.62,4,247,4,0,0,0,sales,low0.62,0.95,4,140,2,0,0,0,accounting,low0.94,0.8,4,266,3,1,0,0,support,medium0.76,0.74,4,261,3,0,0,0,technical,medium0.89,0.49,4,275,3,0,0,0,management,medium0.9,0.88,5,254,2,0,0,0,marketing,medium1,0.93,5,231,2,0,0,0,marketing,medium0.71,0.9,3,138,3,0,0,0,marketing,medium0.73,0.97,4,163,3,0,0,0,sales,medium0.97,0.9,5,262,3,0,0,0,sales,medium0.6,0.59,4,201,3,0,0,0,sales,medium0.82,0.67,3,229,3,0,0,0,sales,medium0.95,0.48,4,228,2,0,0,0,sales,medium0.88,0.65,5,228,3,0,0,0,sales,medium0.79,0.49,3,273,3,0,0,0,sales,medium0.52,0.96,4,171,2,0,0,0,sales,medium0.22,0.61,3,148,5,0,0,0,sales,medium0.59,0.96,5,211,3,0,0,0,sales,medium0.84,0.64,2,211,3,0,0,0,sales,medium0.54,0.41,3,175,3,0,0,0,sales,medium1,0.86,4,245,4,0,0,0,sales,medium0.93,0.59,3,273,2,1,0,0,sales,medium0.96,0.55,3,225,4,1,0,0,sales,medium0.56,0.41,5,152,3,0,0,0,sales,medium0.49,0.66,5,194,3,0,0,0,sales,medium0.89,0.51,4,185,3,1,0,0,sales,high0.57,0.91,3,193,2,0,0,0,sales,low0.96,0.64,3,166,2,0,0,0,accounting,medium0.65,0.89,5,223,3,1,0,0,accounting,medium0.14,0.66,5,281,4,1,0,0,accounting,medium0.64,0.49,3,241,3,0,0,0,hr,medium0.98,0.91,3,165,2,1,0,0,hr,medium0.71,0.59,4,143,2,0,0,0,hr,medium0.96,0.49,5,137,3,0,0,0,hr,medium0.9,0.57,4,185,3,1,0,0,technical,medium0.52,0.96,3,271,3,1,0,0,technical,medium0.78,0.98,4,207,2,1,0,0,technical,medium0.62,0.69,4,184,3,0,0,0,technical,low0.6,0.8,4,253,2,0,0,0,technical,low0.82,0.62,3,152,6,0,0,0,technical,low0.52,0.55,3,225,2,0,0,0,technical,low0.13,0.84,5,189,5,0,0,0,technical,low0.97,0.93,3,153,2,0,0,0,technical,low0.63,0.9,4,245,3,0,0,0,technical,low0.68,0.78,5,233,3,0,0,0,technical,high0.74,0.83,4,210,3,0,0,0,support,low0.89,0.57,4,176,4,0,0,0,support,high0.28,0.95,5,191,3,0,0,0,support,high0.61,0.9,3,224,3,0,0,0,support,low0.67,0.49,3,185,3,0,0,0,support,low0.86,0.64,3,245,4,0,0,0,support,high0.87,0.93,3,173,2,0,0,0,support,low0.7,0.95,4,231,3,0,0,0,support,medium0.68,0.84,3,270,3,0,0,0,support,high0.69,0.75,5,196,3,0,0,0,support,medium0.97,0.83,3,238,2,0,0,0,support,medium0.62,0.89,4,261,2,0,0,0,technical,medium0.55,0.87,3,201,2,0,0,0,technical,medium0.61,0.73,3,252,3,0,0,0,technical,high0.15,0.81,3,191,5,0,0,0,management,medium0.84,0.86,3,199,3,0,0,0,IT,medium0.87,0.64,5,234,2,1,0,0,IT,medium0.93,0.86,4,192,4,0,0,0,IT,high0.14,0.73,6,237,5,0,0,0,IT,medium0.96,0.7,3,207,3,0,0,0,IT,high0.41,0.63,2,145,2,0,0,0,product_mng,low0.84,0.96,6,155,5,0,0,0,product_mng,medium0.94,0.69,5,145,2,0,0,0,product_mng,medium0.6,0.86,6,247,6,0,0,0,product_mng,medium0.7,0.73,4,182,3,0,0,0,IT,medium0.29,0.91,4,183,4,0,0,0,RandD,low0.31,0.51,2,146,3,0,0,0,RandD,low0.73,0.99,3,241,3,0,0,0,RandD,low0.51,0.52,5,261,3,1,0,0,RandD,low0.58,0.77,4,140,3,0,0,0,RandD,low0.59,0.97,3,257,3,0,0,0,marketing,low0.95,0.9,3,186,2,0,0,0,marketing,low0.84,0.93,3,159,3,0,0,0,sales,low0.28,0.37,3,164,4,1,0,0,accounting,low0.94,0.52,4,217,6,1,0,0,support,low0.49,0.59,4,137,4,0,0,0,technical,high0.72,0.5,4,164,2,1,0,0,management,low0.19,0.85,5,249,3,0,0,0,marketing,low0.83,0.95,3,264,2,0,0,0,marketing,low0.79,0.92,4,208,2,1,0,0,marketing,low0.72,0.61,3,175,3,0,0,0,sales,high0.97,0.74,4,209,2,0,0,0,sales,low0.92,0.83,4,268,4,0,0,0,sales,low0.95,0.53,3,264,3,0,0,0,sales,low0.76,0.64,4,234,2,0,0,0,sales,high0.24,0.62,5,199,4,0,0,0,sales,low0.89,0.99,4,205,2,0,0,1,sales,medium0.69,0.63,5,140,4,0,0,1,sales,high0.92,0.98,3,257,3,0,0,1,sales,medium0.79,0.61,4,227,2,0,0,1,sales,high0.87,0.94,4,189,3,0,0,1,sales,medium0.89,0.88,5,241,2,1,0,0,sales,medium0.75,0.77,5,199,4,0,0,0,sales,medium0.78,0.6,4,206,3,0,0,0,sales,medium0.13,0.62,5,268,3,0,0,0,sales,medium0.94,0.86,3,221,3,1,0,0,sales,medium0.94,0.88,4,262,2,0,0,0,sales,medium0.67,0.6,5,253,6,0,0,0,sales,medium0.6,0.73,5,241,3,0,0,0,sales,high0.62,0.94,4,252,4,0,0,0,accounting,low0.38,0.52,2,171,3,0,0,0,accounting,medium0.8,0.77,4,194,3,0,0,0,accounting,medium0.61,0.42,3,104,2,0,0,0,hr,medium0.61,0.56,4,176,3,0,0,0,hr,medium0.66,0.8,4,192,3,0,0,0,hr,medium0.56,0.74,3,154,2,0,0,0,hr,medium1,0.55,4,186,4,1,0,0,technical,medium0.73,0.86,3,200,4,0,0,0,technical,medium0.6,0.66,4,132,4,0,0,0,technical,medium0.78,0.59,5,236,3,0,0,0,technical,high0.48,0.53,3,211,4,0,0,0,technical,low0.9,0.77,4,273,2,0,0,0,technical,low0.16,0.76,4,223,4,0,0,0,technical,low0.5,0.75,3,204,2,0,0,0,technical,high0.66,0.65,3,196,3,1,0,0,technical,low0.44,0.37,2,219,2,0,0,0,technical,low0.95,0.67,4,261,3,0,0,0,technical,low0.9,0.65,3,254,2,0,0,0,support,high0.27,0.48,4,185,2,0,0,0,support,low0.51,0.74,6,98,3,0,0,0,support,low0.68,0.76,3,260,4,0,0,0,support,low0.97,0.93,5,137,2,1,0,0,support,low0.91,0.75,4,159,3,1,0,0,support,low0.76,0.88,5,265,4,0,0,0,support,low0.88,0.61,4,177,4,1,0,0,support,low0.83,0.73,4,247,2,0,0,0,support,medium0.78,0.54,3,161,3,0,0,0,support,medium0.52,0.38,2,103,3,0,0,0,support,medium0.63,0.49,4,151,3,0,0,0,technical,medium0.9,0.74,3,193,3,0,0,0,technical,medium0.48,0.58,3,194,3,0,0,0,technical,medium0.7,0.6,5,208,3,0,0,0,management,medium0.68,0.66,4,229,3,0,0,0,IT,medium0.7,0.87,3,166,2,0,0,0,IT,medium0.77,0.5,3,141,3,0,0,0,IT,medium0.73,0.93,3,249,2,0,0,0,IT,medium0.87,0.48,4,264,3,0,0,0,IT,medium0.65,0.98,3,252,2,0,0,0,product_mng,high0.62,0.7,2,134,3,0,0,0,product_mng,low0.53,0.51,3,274,2,1,0,0,product_mng,medium0.59,0.39,5,200,4,0,0,0,product_mng,medium0.87,0.72,2,154,3,0,0,0,IT,medium0.47,0.53,3,111,4,0,0,0,RandD,medium0.96,0.81,3,247,3,0,0,0,RandD,low0.79,0.74,3,169,3,0,0,0,RandD,low0.84,0.6,3,250,3,1,0,0,RandD,low0.68,0.49,3,178,3,1,0,0,RandD,low0.86,0.66,4,251,3,0,0,0,RandD,low0.73,0.98,5,272,2,0,0,0,marketing,low0.9,0.67,2,229,4,0,0,0,sales,low0.63,0.64,3,180,3,0,0,0,accounting,low0.71,0.72,3,271,2,0,0,0,support,low0.71,0.68,5,226,3,0,0,0,technical,low0.95,0.62,4,150,2,0,0,0,management,low0.51,0.86,4,260,3,1,0,0,marketing,low0.77,0.91,4,161,3,0,0,0,marketing,low0.48,0.51,3,136,3,0,0,0,marketing,low0.93,0.91,2,238,2,1,0,0,sales,low0.83,0.86,4,98,4,0,0,0,sales,low0.61,0.73,5,156,4,0,0,0,sales,low0.97,0.89,4,248,2,0,0,0,sales,low0.5,0.81,3,170,2,0,0,0,sales,low0.84,0.54,3,245,3,0,0,0,sales,low0.58,0.38,4,203,5,0,0,0,sales,low0.59,0.72,3,182,3,0,0,0,sales,medium0.77,0.83,3,175,3,0,0,1,sales,medium0.78,0.4,4,145,5,1,0,1,sales,medium0.6,0.96,4,220,3,1,0,1,sales,medium0.53,0.77,4,259,2,1,0,1,sales,medium0.73,0.69,3,228,2,0,0,1,sales,medium0.76,0.94,3,189,3,0,0,0,sales,medium0.12,0.61,6,257,3,0,0,0,sales,medium0.2,0.98,3,180,6,0,0,0,sales,medium0.5,0.77,4,180,3,0,0,0,sales,medium0.79,0.65,5,215,2,1,0,0,sales,medium0.96,0.68,3,132,2,0,0,0,sales,medium0.26,0.69,5,213,2,0,0,0,accounting,high0.8,0.72,4,173,3,0,0,0,accounting,low0.43,0.71,3,186,2,0,0,0,accounting,medium0.87,0.71,4,157,2,0,0,0,hr,medium0.63,0.75,4,175,4,0,0,0,hr,medium0.58,0.48,3,135,3,1,0,0,hr,medium0.2,0.42,4,256,5,0,0,0,hr,low0.62,0.71,4,268,3,0,0,0,technical,low0.91,0.94,5,159,3,0,0,0,technical,low0.66,0.91,3,191,4,0,0,0,technical,low0.53,0.81,3,275,2,0,0,0,technical,low0.52,0.98,5,217,2,1,0,0,technical,low1,0.88,6,201,4,0,0,0,technical,low0.73,0.67,4,205,3,0,0,0,technical,low0.65,0.67,3,240,2,1,0,0,technical,low0.5,0.95,5,137,3,0,0,0,technical,low0.94,0.59,4,241,2,0,0,0,technical,low0.48,0.86,5,198,4,0,0,0,technical,low0.67,0.87,5,254,2,0,0,0,support,low0.73,0.94,4,262,3,0,0,0,support,low0.63,0.71,4,244,2,0,0,0,support,low0.84,0.84,4,266,3,0,0,0,support,low0.2,0.94,6,191,5,0,0,0,support,low0.76,0.57,3,148,3,1,0,0,support,low0.55,0.54,3,233,2,0,0,0,support,low0.8,0.55,4,178,2,1,0,0,support,low0.64,0.91,3,165,3,1,0,0,support,low0.59,0.97,5,179,6,0,0,0,support,medium0.92,0.98,3,149,3,0,0,0,support,medium0.75,0.76,3,269,2,1,0,0,technical,medium0.69,0.74,5,227,2,0,0,0,technical,medium0.82,0.93,3,247,3,0,0,0,technical,medium0.88,0.85,3,220,3,0,0,0,management,medium0.89,0.91,3,233,2,0,0,0,IT,medium1,0.79,5,171,5,0,0,0,IT,medium0.66,0.91,4,234,2,1,0,0,IT,medium0.76,0.92,3,176,2,0,0,0,IT,medium0.8,0.62,5,190,4,1,0,0,IT,medium0.58,0.86,4,168,2,0,0,0,product_mng,medium0.73,0.93,3,205,3,0,0,0,product_mng,high1,0.73,5,189,3,1,0,0,product_mng,low0.18,0.9,4,282,4,0,0,0,product_mng,medium0.47,0.46,2,152,2,0,0,0,IT,medium0.92,0.64,4,217,4,0,0,0,RandD,medium0.51,0.5,4,130,3,0,0,0,RandD,medium0.81,0.62,4,153,4,0,0,0,RandD,low0.52,0.57,3,270,3,0,0,0,RandD,low0.95,0.96,3,220,3,0,0,0,RandD,low0.93,0.64,4,253,3,0,0,0,RandD,low0.98,0.67,4,209,6,0,0,0,marketing,low0.79,0.79,4,231,2,0,0,0,sales,low0.99,0.73,4,240,4,0,0,0,accounting,low0.64,0.9,5,266,3,0,0,0,support,low0.54,0.44,3,153,2,0,0,0,technical,low0.79,0.59,4,187,2,0,0,0,management,low0.55,0.98,4,185,2,1,0,0,marketing,low0.18,0.81,4,147,4,0,0,0,marketing,low0.56,0.81,4,188,3,1,0,0,marketing,low0.92,0.67,2,252,2,0,0,0,sales,low0.99,0.75,4,163,2,0,0,0,sales,low0.77,0.85,4,189,2,0,0,0,sales,low0.49,0.52,3,156,2,0,0,0,sales,low0.98,0.58,3,183,3,0,0,0,sales,low0.18,0.54,6,209,5,1,0,0,sales,low0.8,0.82,4,271,4,0,0,0,sales,low0.81,0.77,5,251,2,0,0,0,sales,low0.13,0.61,5,198,5,0,0,0,sales,medium0.58,0.97,3,274,4,1,0,1,sales,medium0.75,0.63,4,209,3,0,0,1,sales,medium0.8,0.94,4,271,4,0,0,1,sales,medium0.78,0.6,4,143,2,0,0,1,sales,medium0.92,0.6,5,236,3,1,0,1,sales,medium0.85,0.98,5,222,3,0,0,1,sales,medium0.52,0.63,3,233,3,0,0,1,sales,medium0.95,0.84,3,270,3,1,0,1,sales,medium0.81,0.92,5,258,3,0,0,1,sales,medium0.16,0.82,6,202,4,1,0,1,sales,medium0.91,0.74,3,150,2,0,0,0,accounting,medium0.62,0.51,4,193,3,0,0,0,accounting,high0.24,0.42,5,210,5,0,0,0,accounting,low0.88,0.51,3,208,3,0,0,0,hr,medium0.94,0.73,3,196,3,0,0,0,hr,medium0.76,0.79,5,187,4,0,0,0,hr,medium0.49,0.67,3,140,2,0,0,0,hr,medium0.93,0.9,4,256,4,0,0,0,technical,low0.92,0.66,4,113,3,0,0,0,technical,low0.19,0.94,4,196,5,0,0,0,technical,low0.66,0.76,3,170,3,0,0,0,technical,low0.16,0.94,4,261,6,0,0,0,technical,low0.83,0.99,5,132,3,0,0,0,technical,low0.69,0.53,3,153,3,0,0,0,technical,low0.82,0.53,3,147,3,1,0,0,technical,low0.88,0.72,5,244,2,0,0,0,technical,low0.31,0.42,4,108,4,0,0,0,technical,low0.83,0.49,4,218,2,0,0,0,technical,low0.94,0.52,5,133,3,0,0,0,support,low0.65,0.79,5,233,3,0,0,0,support,low0.6,0.6,4,147,3,0,0,0,support,low0.52,0.43,3,176,3,0,0,0,support,low0.66,0.89,4,169,4,0,0,0,support,low0.87,0.87,4,144,3,0,0,0,support,low0.2,0.99,5,151,3,1,0,0,support,low0.63,0.91,4,252,3,1,0,0,support,medium0.69,0.98,4,180,3,0,0,0,support,medium0.48,0.61,3,251,3,0,0,0,support,medium0.8,0.8,4,263,4,0,0,0,support,medium0.89,0.74,5,260,6,0,0,0,technical,medium0.67,0.63,3,227,3,0,0,0,technical,medium0.37,0.86,6,260,3,0,0,0,technical,medium0.93,0.61,5,158,3,0,0,0,management,medium0.69,0.52,3,186,3,0,0,0,IT,medium0.16,0.61,4,171,6,0,0,0,IT,medium0.81,0.55,3,199,2,1,0,0,IT,medium0.97,0.63,5,258,2,0,0,0,IT,medium0.77,0.59,4,273,2,0,0,0,IT,high0.75,0.78,2,259,3,0,0,0,product_mng,low0.88,0.82,3,265,3,0,0,0,product_mng,medium0.43,0.51,5,168,4,0,0,0,product_mng,medium0.99,0.99,4,163,4,0,0,0,product_mng,medium0.59,0.65,5,265,3,0,0,0,IT,medium0.89,0.71,4,190,3,0,0,0,RandD,low0.54,0.73,3,157,3,0,0,0,RandD,low0.32,0.86,4,266,4,0,0,0,RandD,low0.17,0.55,6,240,6,0,0,0,RandD,low0.78,0.55,3,143,3,0,0,0,RandD,low0.73,0.68,3,121,5,0,0,0,RandD,low0.65,0.76,2,170,5,0,0,0,IT,low0.8,0.71,4,161,4,0,0,0,IT,low0.61,0.86,3,239,3,0,0,0,IT,low0.67,0.49,3,224,3,0,0,0,IT,low0.63,0.57,3,242,3,0,0,0,product_mng,low0.51,0.58,4,140,2,1,0,0,product_mng,low0.82,0.59,5,170,3,0,0,0,product_mng,low0.79,0.67,5,156,2,0,0,0,product_mng,low0.49,0.6,2,113,5,0,0,0,IT,low0.7,0.59,3,138,3,0,0,0,RandD,low0.13,0.5,3,137,5,0,0,0,RandD,low0.83,0.52,5,217,3,0,0,0,RandD,low0.83,0.91,3,155,3,0,0,0,RandD,low0.19,0.83,5,280,4,0,0,0,RandD,low0.8,0.81,5,248,2,1,0,0,RandD,low0.49,0.67,2,190,8,0,0,0,marketing,medium0.92,0.99,3,176,8,0,0,0,sales,medium0.81,0.55,4,217,8,0,0,0,accounting,medium0.62,0.91,3,269,8,0,0,0,support,medium0.21,0.7,3,238,8,0,0,0,technical,medium0.95,0.74,5,243,6,0,0,0,management,medium0.51,0.8,4,198,6,0,0,0,marketing,medium0.52,0.89,3,188,6,0,0,0,marketing,medium0.64,0.56,3,257,6,0,0,0,marketing,medium0.62,0.79,4,268,6,0,0,0,sales,medium0.73,0.88,5,233,4,1,0,0,sales,medium0.32,0.86,4,214,5,0,0,0,sales,medium0.78,0.96,2,285,3,0,0,0,sales,high0.65,0.91,4,224,2,1,0,0,sales,low0.56,0.92,4,224,3,0,0,0,sales,medium0.96,0.89,3,142,4,0,0,0,sales,medium0.79,0.82,4,220,3,0,0,0,sales,medium0.66,0.58,4,244,3,0,0,0,sales,medium0.67,0.68,4,171,3,0,0,0,sales,low0.86,0.82,4,274,2,1,0,0,sales,low0.57,0.72,4,214,2,1,0,0,sales,low0.86,0.87,5,171,2,0,0,0,sales,low0.52,0.59,5,150,2,0,0,0,sales,low0.73,0.61,4,260,2,1,0,0,sales,low0.78,0.63,5,259,3,0,0,0,sales,low0.95,0.63,3,153,2,0,0,0,sales,low0.75,0.61,3,263,3,0,0,0,sales,low0.83,0.52,2,149,2,1,0,0,sales,low0.48,1,4,261,3,0,0,0,accounting,low0.3,0.58,2,189,4,1,0,0,accounting,low0.72,0.85,5,237,4,0,0,0,accounting,low0.61,0.52,3,224,3,0,0,0,hr,low0.31,0.87,6,240,3,1,0,0,hr,low0.62,0.81,3,245,2,1,0,0,hr,low0.48,0.49,3,268,3,0,0,0,hr,low0.97,0.89,4,208,2,1,0,0,technical,low0.61,0.83,4,153,2,0,0,0,technical,low0.93,0.99,3,169,3,0,0,0,technical,low0.89,0.39,5,218,2,0,0,0,technical,low0.95,0.9,3,155,3,0,0,0,technical,medium0.36,0.44,5,155,3,0,0,0,technical,medium0.29,0.39,6,105,6,0,0,0,technical,medium0.65,0.83,4,251,2,0,0,0,technical,medium0.72,0.54,4,219,2,0,0,0,technical,medium0.51,0.56,4,198,2,1,0,0,technical,medium0.54,0.53,4,158,2,0,0,0,technical,medium0.66,0.58,3,157,2,0,0,0,support,medium0.59,0.54,4,178,2,0,0,0,support,medium0.45,0.48,3,145,2,0,0,0,support,medium0.15,0.91,5,230,3,0,0,0,support,medium0.95,0.53,3,174,3,0,0,0,support,medium0.49,0.59,5,140,3,0,0,0,support,high0.68,0.97,3,174,2,0,0,0,support,low0.7,0.76,4,173,2,0,0,0,support,medium0.9,0.73,2,203,4,0,0,0,support,medium0.94,0.95,5,170,3,0,0,0,support,medium0.8,0.86,3,203,3,0,0,0,support,medium0.59,0.53,5,169,3,0,0,0,technical,low0.43,0.96,3,109,6,0,0,0,technical,low0.7,0.54,5,263,3,0,0,0,technical,low0.51,0.62,4,185,3,0,0,0,management,low0.12,0.49,4,191,5,0,0,0,IT,low0.14,0.56,5,259,4,1,0,0,IT,low0.86,0.91,4,253,3,0,0,0,IT,low0.97,0.5,3,216,3,0,0,0,IT,low1,0.86,2,264,3,0,0,0,IT,medium0.49,0.63,3,181,3,1,0,0,product_mng,medium0.9,0.93,3,209,3,0,0,0,product_mng,medium0.82,0.89,4,239,2,0,0,0,product_mng,medium0.59,0.48,3,197,3,0,0,0,product_mng,medium0.97,0.57,4,150,2,0,0,0,IT,medium0.69,0.88,3,164,10,0,0,0,management,medium0.73,0.84,3,216,8,0,0,0,management,medium0.48,0.74,2,271,8,1,0,0,management,medium0.94,0.49,4,176,8,0,0,0,management,medium0.74,0.73,3,156,8,0,0,0,management,medium0.65,0.63,4,143,8,0,0,0,management,medium0.93,0.94,4,233,6,0,0,0,IT,medium0.57,0.67,3,138,6,1,0,0,IT,medium0.9,0.49,3,259,6,0,0,0,IT,medium0.55,0.86,4,169,6,0,0,0,IT,medium0.59,0.73,3,172,6,0,0,0,product_mng,medium0.72,0.98,4,156,3,0,0,0,product_mng,medium0.87,0.52,4,140,3,0,0,0,product_mng,medium0.86,0.82,4,212,2,0,0,0,product_mng,medium0.61,0.5,4,269,3,0,0,0,IT,medium0.45,0.63,5,111,5,0,0,0,management,medium0.51,0.63,4,198,2,0,0,0,management,medium0.87,0.92,4,263,3,0,0,0,management,medium0.29,0.38,5,191,5,0,0,0,management,medium0.57,0.64,3,188,3,0,0,0,management,medium0.69,0.83,4,252,3,0,0,0,management,medium0.61,0.9,2,142,3,0,0,0,marketing,high0.96,0.85,4,247,3,0,0,0,sales,high0.16,0.61,6,269,2,0,0,0,accounting,high0.96,0.82,4,244,3,0,0,0,support,high0.77,0.81,4,164,3,0,0,0,technical,high0.85,0.87,6,232,5,0,0,0,management,high0.37,0.49,3,177,3,0,0,0,marketing,high0.68,0.65,3,173,3,1,0,0,marketing,high0.87,0.6,5,165,2,1,0,0,marketing,high0.95,0.8,3,225,2,0,0,0,sales,high0.84,0.63,3,121,3,1,0,0,sales,low0.44,0.51,2,219,4,0,0,0,sales,low0.94,0.73,4,204,2,0,0,0,sales,low0.85,0.94,5,235,4,0,0,0,sales,low0.75,0.51,2,215,2,1,0,0,sales,low0.76,0.67,5,243,3,0,0,0,sales,low0.13,0.97,4,162,6,0,0,0,sales,low0.6,0.79,4,262,3,0,0,0,sales,low0.45,0.55,4,206,2,0,0,0,sales,low0.49,1,2,125,4,1,0,0,sales,low0.19,0.36,3,167,5,0,0,0,sales,low0.68,0.89,5,218,5,0,0,0,sales,low0.53,0.91,5,181,3,0,0,0,sales,low1,0.77,5,269,3,0,0,0,sales,low0.99,0.86,3,167,2,0,0,0,sales,low0.29,0.75,6,271,10,0,0,0,sales,medium0.54,0.83,4,201,8,1,0,0,sales,medium0.25,0.9,6,229,8,0,0,0,sales,medium0.71,0.76,4,148,8,0,0,0,accounting,medium0.96,0.84,3,147,8,0,0,0,accounting,medium0.8,0.9,4,211,8,0,0,0,accounting,medium0.82,0.87,5,145,6,0,0,0,hr,medium0.19,0.97,6,269,6,0,0,0,hr,medium0.43,0.74,4,129,6,0,0,0,hr,medium0.62,0.84,3,270,6,0,0,0,hr,medium0.75,0.85,3,250,6,0,0,0,technical,medium0.56,0.48,5,192,2,1,0,0,technical,medium0.88,0.91,4,233,4,0,0,0,technical,high0.63,0.57,4,192,3,0,0,0,technical,high0.75,0.93,3,247,2,0,0,0,technical,high0.74,1,4,192,4,0,0,0,technical,high0.55,0.68,3,178,3,1,0,0,technical,high0.87,0.55,4,197,3,0,0,0,technical,high0.13,0.9,5,264,6,0,0,0,technical,high0.33,0.64,2,274,3,1,0,0,technical,high0.89,0.97,4,147,2,0,0,0,technical,low0.56,0.94,3,154,3,1,0,0,support,low0.95,0.61,3,224,2,1,0,0,support,low0.57,0.59,4,250,2,0,0,0,support,low0.72,0.53,3,179,3,0,0,0,support,low0.28,0.44,4,170,2,0,0,0,support,low0.54,0.61,4,118,5,0,0,0,support,low0.54,0.95,4,256,3,0,0,0,support,low0.99,0.8,3,209,2,0,0,0,support,medium0.37,0.69,2,146,3,0,0,0,support,medium0.77,0.87,3,275,4,1,0,0,support,medium0.7,0.88,4,180,2,0,0,0,support,medium0.8,0.74,3,228,3,0,0,0,technical,medium0.52,0.63,3,204,3,0,0,0,technical,medium0.69,0.55,3,172,2,0,0,0,technical,medium0.6,0.62,5,274,3,0,0,0,management,medium0.74,0.64,3,136,2,0,0,0,IT,medium0.69,0.82,4,252,3,1,0,0,IT,medium0.78,0.89,4,137,3,0,0,0,IT,medium0.77,0.75,4,191,3,0,0,0,IT,medium0.91,0.68,4,132,4,0,0,0,IT,medium0.54,0.68,6,249,5,0,0,0,product_mng,medium0.48,0.77,6,274,6,0,0,0,product_mng,medium0.55,0.96,3,194,3,0,0,0,product_mng,medium0.17,0.36,6,191,2,0,0,0,product_mng,medium0.77,0.83,5,216,4,0,0,0,IT,medium0.93,0.98,3,241,3,0,0,0,IT,medium0.65,0.91,4,243,5,1,0,0,IT,medium0.67,0.52,4,207,3,0,0,0,IT,medium0.95,0.88,3,199,3,0,0,0,IT,medium0.61,0.97,6,286,4,0,0,0,product_mng,medium0.57,0.39,4,132,3,0,0,0,product_mng,high0.65,1,4,229,4,0,0,0,product_mng,low0.85,0.81,4,260,3,0,0,0,product_mng,medium0.61,0.96,3,214,2,0,0,0,IT,medium0.65,0.9,6,217,4,1,0,1,RandD,medium0.92,0.93,4,225,2,0,0,1,RandD,medium0.37,0.41,2,113,3,0,0,1,RandD,medium0.48,0.77,5,250,2,0,0,1,RandD,medium0.82,0.91,5,271,2,0,0,1,RandD,medium0.84,0.75,4,135,3,0,0,1,RandD,medium0.57,0.46,2,100,6,1,0,1,marketing,medium0.8,0.75,4,224,3,0,0,1,sales,medium0.49,0.91,4,134,4,0,0,0,accounting,low0.79,0.82,5,158,2,0,0,0,support,low0.48,0.67,3,183,2,0,0,0,technical,low0.28,0.89,4,97,6,0,0,0,management,low0.47,0.56,4,226,3,0,0,0,marketing,low0.91,0.6,4,235,4,1,0,0,marketing,low0.75,0.6,4,186,10,1,0,0,marketing,low0.61,0.89,3,242,10,0,0,0,sales,high0.47,0.79,3,284,10,0,0,0,sales,low0.22,0.7,2,274,10,0,0,0,sales,high0.5,0.48,4,130,10,0,0,0,sales,high0.56,0.87,3,146,10,0,0,0,sales,low0.84,0.85,4,207,10,0,0,0,sales,low0.69,0.72,4,210,2,1,0,0,sales,high0.53,0.64,3,143,2,0,0,0,sales,low0.17,0.57,4,116,3,0,0,0,sales,medium0.48,0.71,2,162,3,1,0,0,sales,high0.94,0.51,3,242,3,0,0,0,sales,medium0.77,0.89,4,153,7,0,0,0,sales,medium1,0.72,5,194,7,1,0,0,sales,medium0.49,0.65,4,233,7,0,0,0,sales,medium0.93,0.73,4,283,7,0,0,0,sales,high0.38,0.43,3,188,7,0,0,0,sales,medium0.6,0.54,4,182,6,0,0,0,sales,medium0.5,0.82,2,286,6,0,0,0,sales,medium0.97,0.55,5,212,6,0,0,0,sales,high0.93,0.95,5,176,6,0,0,1,accounting,medium0.5,1,5,264,8,0,0,1,accounting,high0.52,0.84,3,261,8,0,0,1,accounting,low0.5,0.71,4,163,8,0,0,1,hr,medium0.55,0.4,3,139,8,0,0,1,hr,medium0.95,0.84,3,261,8,1,0,1,hr,medium0.48,0.42,2,275,6,1,0,1,hr,medium0.51,0.39,5,132,6,1,0,1,technical,low0.96,0.48,3,202,6,0,0,0,technical,low0.97,0.84,4,177,6,0,0,0,technical,low0.97,0.66,5,234,6,0,0,0,technical,low0.71,0.54,4,188,6,0,0,0,technical,low0.82,0.49,5,203,6,0,0,0,technical,low0.57,1,4,227,10,0,0,0,technical,low0.48,0.93,3,150,10,0,0,0,technical,low0.71,0.64,3,267,3,0,0,0,technical,low0.63,0.61,5,186,10,0,0,0,technical,low0.99,0.84,4,142,10,0,0,0,technical,high0.79,0.83,3,126,10,1,0,0,support,low0.65,0.85,4,201,10,0,0,0,support,low0.7,0.85,4,142,2,0,0,0,support,low0.99,0.94,4,167,4,0,0,0,support,low0.65,0.62,4,258,2,0,0,0,support,high0.92,0.85,3,207,2,0,0,0,support,low0.24,0.5,4,282,4,1,0,0,support,low0.39,0.89,3,188,5,0,0,0,support,low0.82,0.85,3,214,2,0,0,0,support,high0.78,0.89,4,272,2,0,0,0,support,low0.62,0.79,3,259,3,0,0,0,support,medium0.6,0.61,5,191,2,1,0,0,technical,high0.49,0.57,3,192,3,0,0,0,technical,medium0.82,0.82,3,164,3,0,0,0,technical,high0.48,0.81,4,149,2,0,0,0,management,medium0.69,0.56,4,149,3,0,0,0,IT,medium0.4,0.89,2,165,3,0,0,0,IT,medium0.72,0.8,3,222,3,0,0,0,IT,medium0.75,0.84,5,222,3,1,0,0,IT,medium0.5,0.77,3,265,3,0,0,0,IT,medium0.78,0.5,5,247,4,0,0,0,product_mng,medium0.76,0.45,4,147,2,0,0,0,product_mng,medium0.94,0.52,3,273,3,0,0,0,product_mng,high0.24,0.94,6,144,4,0,0,0,product_mng,low0.99,0.66,3,181,2,0,0,0,IT,medium0.67,0.64,3,198,2,1,0,0,management,medium0.76,0.57,5,255,4,0,0,0,management,medium0.76,0.77,4,169,10,0,0,0,management,medium0.55,0.64,4,201,10,1,0,0,management,medium0.74,0.6,4,274,10,1,0,0,management,medium0.81,0.85,4,134,10,1,0,0,management,medium0.98,0.67,3,190,10,0,0,0,IT,medium0.98,0.98,4,170,10,0,0,0,IT,medium0.58,0.91,3,154,10,0,0,0,product_mng,high0.18,0.75,3,142,2,0,0,0,product_mng,low0.57,0.67,5,235,2,0,0,0,product_mng,low0.7,0.62,3,110,3,0,0,0,product_mng,low0.49,0.77,3,211,3,0,0,0,IT,high0.7,0.56,4,214,3,0,0,1,management,medium0.16,0.93,5,210,7,0,0,1,management,medium0.58,0.59,3,207,7,0,0,1,management,medium0.66,0.57,4,161,7,0,0,1,management,medium0.51,0.55,2,102,7,0,0,1,management,medium0.48,0.84,4,186,7,0,0,1,management,medium0.56,0.71,3,211,6,0,0,1,marketing,low0.81,0.62,3,240,6,0,0,1,sales,low0.57,0.7,4,237,6,0,0,0,accounting,low0.66,0.53,3,164,6,0,0,0,support,low0.22,0.91,6,222,8,0,0,0,technical,low0.96,0.71,3,205,8,1,0,0,management,medium0.87,0.88,4,140,8,0,0,0,marketing,medium0.61,0.42,2,103,8,0,0,0,marketing,medium0.66,0.85,3,178,8,1,0,0,marketing,medium0.9,0.51,4,137,6,0,0,0,sales,medium0.64,0.67,3,143,6,0,0,0,sales,medium0.76,0.82,4,170,6,0,0,0,sales,medium0.97,0.41,5,135,6,0,0,0,sales,medium0.69,0.76,3,174,6,0,0,0,sales,medium0.98,0.55,3,166,6,1,0,0,sales,medium0.18,0.61,5,174,6,0,0,0,sales,medium0.62,0.91,3,251,10,0,0,0,sales,medium0.29,0.37,6,187,10,1,0,0,sales,high0.87,0.48,5,170,3,0,0,0,sales,low0.91,0.64,3,241,10,0,0,0,sales,medium0.53,0.79,3,221,10,1,0,0,sales,medium0.69,0.73,4,257,10,1,0,0,sales,medium0.14,0.58,4,275,10,0,0,0,sales,medium0.7,0.77,4,245,2,0,0,0,sales,low0.77,0.75,6,246,6,0,0,0,sales,low0.77,0.76,6,263,6,0,0,0,sales,low0.76,0.99,3,133,4,0,0,0,sales,low0.66,0.49,4,157,3,0,0,0,sales,low0.5,0.95,3,198,4,0,0,0,accounting,low0.57,0.9,5,145,3,0,0,0,accounting,low0.97,0.62,6,118,2,0,0,0,accounting,low0.26,0.99,5,184,5,0,0,0,hr,low0.72,0.62,3,243,2,1,0,0,hr,low0.83,0.93,3,247,2,0,0,0,hr,low0.55,0.4,3,158,3,0,0,0,hr,low0.77,0.74,5,243,2,0,0,0,technical,low0.24,0.63,4,203,5,0,0,0,technical,low0.8,0.96,3,161,3,0,0,0,technical,low0.5,0.59,4,214,3,1,0,0,technical,low0.66,0.59,4,179,3,0,0,0,technical,low0.66,0.77,4,188,2,0,0,0,technical,low0.66,0.81,3,174,3,0,0,0,technical,low0.96,0.83,3,177,4,0,0,0,technical,low0.75,0.94,5,194,4,0,0,0,technical,low0.78,0.77,3,244,2,0,0,0,technical,medium0.57,0.82,4,269,2,0,0,0,technical,medium0.78,0.68,2,159,3,1,0,0,support,medium0.57,0.88,4,140,2,0,0,0,support,medium0.84,0.56,5,224,2,0,0,0,support,medium0.23,0.94,5,242,4,0,0,0,support,medium0.53,0.37,3,180,3,0,0,0,support,medium0.82,0.71,3,150,3,0,0,0,support,medium0.59,0.64,5,269,3,0,0,0,support,medium0.5,0.52,2,178,2,0,0,0,support,medium1,0.74,2,187,3,0,0,0,support,medium0.94,0.61,3,140,2,0,0,0,support,medium0.86,0.61,4,193,2,0,0,0,support,high0.73,0.49,4,243,2,0,0,0,technical,low0.49,0.94,3,144,3,1,0,0,technical,medium0.79,0.73,2,147,2,0,0,0,technical,medium0.83,0.5,6,165,3,0,0,0,management,medium0.85,0.67,3,176,2,0,0,0,IT,medium0.65,0.37,3,170,6,0,0,0,IT,low0.94,0.65,4,213,2,1,0,0,IT,low0.76,0.81,4,242,2,0,0,0,IT,low0.77,0.54,4,139,3,1,0,0,IT,low0.77,0.91,4,239,3,1,0,0,product_mng,low0.59,0.64,5,123,2,0,0,0,product_mng,low0.69,0.9,3,185,4,0,0,0,product_mng,low0.51,0.85,4,186,2,0,0,0,product_mng,low0.8,0.67,3,178,3,0,0,0,IT,low0.98,0.7,3,153,10,0,0,0,management,high0.69,0.72,4,185,10,1,0,0,management,high0.14,0.76,4,142,10,0,0,0,management,high0.95,0.9,4,221,10,1,0,0,management,high0.53,0.61,3,148,10,0,0,0,management,high0.64,0.52,5,258,10,1,0,0,management,high0.51,0.73,4,229,3,0,0,0,sales,low0.36,0.73,2,111,2,0,0,0,sales,low0.62,0.97,2,271,3,0,0,0,sales,low0.98,0.58,4,133,3,0,0,0,sales,low0.53,0.7,4,223,3,0,0,0,sales,low0.8,0.95,4,272,2,0,0,0,sales,low0.73,0.77,3,233,3,0,0,0,sales,medium0.82,0.8,3,162,3,0,0,0,sales,medium0.62,0.75,5,165,4,0,0,0,sales,medium0.87,0.48,5,242,3,0,0,0,sales,medium0.43,0.65,4,124,2,0,0,0,sales,medium0.57,0.6,2,163,3,0,0,0,sales,medium0.91,0.77,3,144,3,0,0,0,sales,medium0.75,0.59,5,149,4,0,0,0,sales,medium0.76,0.8,5,217,2,0,0,0,sales,medium0.85,0.49,4,139,2,0,0,0,sales,medium0.56,0.67,3,270,2,0,0,0,sales,medium0.86,0.84,3,177,3,0,0,0,sales,medium0.21,0.43,5,175,2,1,0,0,sales,high0.94,0.59,3,151,2,0,0,0,sales,low0.98,0.74,3,185,3,0,0,0,sales,medium0.42,0.45,3,227,3,0,0,0,sales,medium0.98,0.89,4,218,2,0,0,0,sales,medium1,0.93,5,167,3,0,0,0,sales,medium0.95,0.52,3,183,2,1,0,0,sales,low0.95,0.5,4,259,3,0,0,0,sales,low0.68,0.53,3,138,2,1,0,0,sales,low0.64,0.38,5,122,4,0,0,0,sales,low0.24,0.62,6,225,6,0,0,0,sales,low0.37,0.72,3,121,2,0,0,0,sales,low0.67,0.4,4,274,3,0,0,0,sales,low0.86,0.89,4,153,4,0,0,0,sales,low0.43,0.38,3,119,2,0,0,0,sales,low0.67,0.67,4,141,2,1,0,0,sales,low0.92,0.6,4,161,3,0,0,0,IT,low0.43,0.46,2,186,2,0,0,0,product_mng,low0.52,0.8,3,252,4,0,0,0,product_mng,low0.16,0.42,3,182,3,1,0,0,product_mng,low0.49,0.6,4,264,2,1,0,0,product_mng,low0.37,0.63,4,167,3,0,0,0,IT,low0.98,0.68,5,171,3,0,0,0,management,high0.33,0.97,5,130,4,0,0,0,management,high0.14,0.79,5,271,4,0,0,0,management,high0.54,0.79,5,249,3,1,0,0,management,high0.63,0.48,4,180,4,0,0,0,management,high0.55,0.69,4,220,3,1,0,0,management,high0.84,0.53,3,210,4,1,0,0,marketing,medium0.51,0.97,4,258,2,0,0,0,sales,medium0.15,0.75,3,150,4,0,0,1,accounting,medium0.97,0.79,5,259,3,0,0,1,support,medium0.67,0.69,3,231,3,0,0,1,technical,medium0.48,0.67,4,220,3,0,0,1,management,medium0.69,0.58,4,149,3,0,0,1,marketing,medium0.6,0.62,3,238,4,0,0,1,marketing,medium0.82,0.71,2,209,5,0,0,1,marketing,medium0.86,0.95,4,149,3,0,0,1,sales,medium0.69,0.59,4,264,3,0,0,0,sales,medium0.87,0.87,5,207,2,0,0,0,sales,high0.17,0.78,3,239,6,0,0,0,sales,low0.94,0.51,6,239,5,0,0,0,sales,medium0.5,1,4,258,3,0,0,0,sales,medium0.16,0.72,3,203,3,0,0,0,sales,medium0.89,0.99,2,258,3,0,0,0,sales,medium0.69,0.51,3,257,3,1,0,0,IT,low0.5,0.51,5,134,3,0,0,0,product_mng,low0.16,0.46,6,240,2,0,0,0,product_mng,low0.75,0.99,2,237,5,1,0,0,product_mng,low0.64,0.66,5,157,2,0,0,0,product_mng,low0.78,0.43,4,275,3,0,0,0,IT,low0.81,0.74,2,228,3,0,0,0,management,high0.55,0.58,3,254,2,0,0,0,management,high0.53,0.53,4,257,2,0,0,0,management,high0.69,0.73,3,231,2,1,0,0,management,high0.8,0.53,3,217,3,0,0,0,management,high0.77,0.98,3,286,6,0,0,0,management,high0.84,0.8,4,236,3,0,0,0,marketing,low0.64,0.55,4,215,2,0,0,0,sales,low0.78,0.57,4,157,3,0,0,0,accounting,low0.67,0.7,3,149,3,0,0,0,support,low0.81,0.77,3,221,2,0,0,0,technical,low0.91,0.82,4,238,2,0,0,0,management,low0.75,0.89,6,250,2,0,0,0,marketing,medium0.78,0.96,3,202,4,1,0,0,marketing,medium0.54,0.52,4,173,2,0,0,0,marketing,medium0.77,0.71,5,250,3,1,0,0,sales,medium0.89,0.63,4,270,3,1,0,0,sales,medium0.16,0.98,3,232,5,0,0,0,sales,medium0.77,0.99,4,260,3,0,0,0,sales,medium0.69,0.48,5,232,4,0,0,0,sales,medium0.61,0.81,4,134,3,0,0,0,sales,medium0.59,0.81,4,189,3,0,0,0,sales,medium0.58,0.8,4,113,3,0,0,0,IT,medium0.88,0.67,5,264,3,0,0,0,product_mng,medium0.51,0.63,5,260,2,0,0,0,product_mng,high0.31,0.7,3,132,3,0,0,0,product_mng,low0.52,0.52,4,168,3,0,0,0,product_mng,medium0.57,0.46,3,186,3,1,0,0,IT,medium0.5,0.77,3,267,2,0,0,0,management,high0.74,0.63,3,180,3,0,0,0,management,high0.74,0.77,3,211,3,0,0,0,management,high0.82,0.51,2,268,2,0,0,0,management,high0.74,0.71,3,206,3,0,0,0,management,high0.2,0.59,6,113,3,0,0,0,management,high0.63,0.48,4,179,3,0,0,0,marketing,low0.19,0.8,6,157,6,1,0,0,sales,low0.4,0.62,4,127,5,0,0,0,accounting,low0.71,0.37,2,179,5,0,0,1,support,low0.84,0.73,4,197,3,0,0,1,technical,low0.59,0.84,4,251,4,1,0,1,management,low0.57,0.85,4,250,3,1,0,1,marketing,low0.81,0.61,2,176,5,0,0,1,marketing,low0.8,0.7,4,246,3,0,0,1,marketing,low0.49,0.66,3,155,3,0,0,1,sales,low0.55,0.64,3,178,2,0,0,1,sales,low0.68,0.4,3,213,5,1,0,1,sales,low0.55,0.67,3,150,2,0,0,1,sales,low0.59,0.62,3,166,2,0,0,0,sales,low0.91,0.8,5,169,4,0,0,0,sales,low0.48,0.9,4,208,3,0,0,0,sales,low0.84,0.66,3,209,2,0,0,0,sales,low0.73,0.54,4,167,3,0,0,0,IT,medium0.28,0.59,6,281,3,0,0,0,product_mng,medium0.77,0.65,3,156,4,0,0,0,product_mng,medium0.67,0.65,3,265,3,0,0,0,product_mng,medium0.5,0.53,3,142,3,1,0,0,product_mng,medium0.32,0.47,3,143,4,0,0,0,IT,medium0.57,0.78,3,134,3,0,0,0,RandD,medium0.51,0.8,5,268,3,0,0,0,RandD,medium0.61,0.6,3,255,2,0,0,0,RandD,medium0.83,0.73,4,157,2,0,0,0,RandD,medium0.87,0.97,5,151,3,0,0,0,RandD,medium0.7,0.63,3,157,2,0,0,0,RandD,medium0.78,0.65,3,139,3,0,0,0,marketing,high0.71,0.53,4,196,2,1,0,0,sales,low0.68,0.99,3,159,2,0,0,0,accounting,medium0.75,0.53,4,224,4,1,0,0,support,medium0.7,0.53,3,215,7,1,0,0,technical,medium0.59,0.94,5,157,7,1,0,0,management,medium0.64,0.87,4,157,7,0,0,0,marketing,low0.61,0.88,5,146,7,1,0,0,marketing,low0.77,0.49,2,286,7,0,0,0,marketing,low0.51,0.64,3,203,3,0,0,0,sales,low0.49,0.49,3,168,7,0,0,0,sales,low0.77,0.75,3,170,7,0,0,0,sales,low0.31,0.86,3,266,7,0,0,0,sales,low0.54,0.76,3,183,3,0,0,0,sales,low0.56,0.66,4,264,3,0,0,0,sales,low0.65,0.77,4,205,3,0,0,0,sales,low0.49,0.36,2,192,3,0,0,0,sales,low0.82,0.79,3,176,3,0,0,0,technical,low0.6,0.52,3,183,2,0,0,0,support,low0.64,0.63,3,156,6,1,0,0,support,low0.7,0.68,3,150,3,0,0,0,support,low0.65,0.89,4,204,8,1,0,0,support,low0.69,0.78,5,131,8,0,0,0,support,low0.93,0.74,5,248,8,1,0,0,support,low0.55,0.52,4,168,8,0,0,0,support,low0.75,0.87,4,146,8,1,0,0,support,low0.47,0.43,4,246,3,0,0,0,support,low0.72,0.88,5,216,10,1,0,0,support,medium0.59,0.92,3,203,10,0,0,0,support,medium0.98,0.49,3,199,10,0,0,0,technical,medium0.39,0.52,2,102,8,0,0,0,technical,medium0.93,0.87,4,139,8,0,0,0,technical,medium0.71,0.97,5,208,8,1,0,0,management,medium0.49,0.54,4,215,4,0,0,0,IT,medium0.63,0.93,4,233,3,0,0,0,IT,medium0.45,0.64,3,169,10,0,0,0,IT,medium0.77,0.64,3,190,10,1,0,0,IT,medium0.77,0.63,4,236,7,0,0,0,IT,medium0.5,0.92,4,266,7,0,0,0,product_mng,medium0.45,0.42,4,156,7,0,0,0,product_mng,high0.81,0.47,4,153,7,0,0,0,product_mng,low0.83,0.67,3,175,3,0,0,0,product_mng,medium0.47,0.76,6,174,10,0,0,0,IT,medium0.25,0.89,4,154,10,0,0,0,management,high0.89,0.55,5,251,10,0,0,0,management,high0.97,0.57,3,164,10,0,0,0,management,high0.6,0.65,2,225,10,0,0,0,management,high0.67,0.72,2,134,10,0,0,0,management,high0.89,0.77,3,144,3,0,0,0,management,high0.6,0.91,5,211,3,0,0,0,sales,low0.64,0.79,4,139,3,0,0,0,sales,low0.57,0.66,3,268,3,0,0,0,sales,low0.56,0.98,5,171,3,1,0,0,sales,low0.6,0.9,4,260,2,0,0,0,sales,medium0.17,0.66,6,224,3,0,0,0,sales,medium0.74,0.49,4,233,3,0,0,0,sales,medium0.44,0.41,3,125,7,0,0,0,sales,medium0.51,0.89,4,233,7,0,0,0,sales,medium0.86,0.57,3,162,7,0,0,0,sales,medium0.96,0.48,4,198,7,0,0,0,sales,medium0.87,0.82,4,198,7,0,0,0,sales,medium0.58,0.79,3,243,3,1,0,0,sales,medium0.24,0.56,4,281,7,0,0,0,sales,medium0.42,0.8,4,259,7,1,0,0,sales,medium0.65,0.94,4,184,7,0,0,0,sales,medium0.73,0.92,6,189,3,1,0,0,sales,medium0.63,0.6,4,258,3,0,0,0,sales,medium0.95,0.48,4,225,3,0,0,0,sales,medium0.52,0.83,5,145,3,0,0,0,sales,medium0.96,0.55,3,164,3,0,0,0,sales,medium0.66,0.51,4,254,2,0,0,0,sales,medium0.98,0.44,4,154,6,1,0,0,sales,medium0.56,0.79,5,248,3,0,0,0,sales,medium0.97,0.54,3,154,8,1,0,0,sales,medium0.72,0.92,3,242,8,0,0,0,sales,medium0.74,0.78,4,194,8,0,0,0,sales,medium0.2,0.6,5,261,8,0,0,0,sales,medium0.73,0.56,3,245,8,0,0,0,sales,medium0.76,0.79,3,247,3,0,0,0,sales,low0.65,0.54,4,147,10,0,0,0,sales,low0.66,0.5,3,139,10,1,0,0,sales,low0.96,0.97,6,137,10,0,0,0,sales,low0.57,0.55,4,177,8,0,0,0,sales,low0.61,0.82,4,184,8,0,0,0,IT,low0.57,0.69,3,212,8,0,0,0,product_mng,low0.59,0.47,3,159,4,0,0,0,product_mng,low0.92,0.68,4,178,3,0,0,0,product_mng,low0.79,0.56,3,149,10,0,0,0,product_mng,low0.95,0.66,4,223,10,0,0,0,IT,low0.24,0.81,6,263,7,0,0,0,management,high0.49,0.52,4,161,7,0,0,0,management,high0.49,0.68,3,192,7,0,0,0,management,high0.97,0.51,5,215,7,0,0,0,management,high0.55,0.78,4,261,3,0,0,0,management,high0.76,0.56,5,222,10,0,0,0,management,high0.53,0.99,3,223,10,0,0,0,marketing,low0.51,0.86,3,182,10,0,0,0,sales,low0.57,0.93,2,204,10,0,0,0,accounting,low0.58,0.91,3,195,10,0,0,0,support,low0.6,0.98,4,146,10,0,0,0,technical,low0.65,0.74,4,233,4,1,0,0,management,low0.91,0.75,2,147,3,0,0,0,marketing,low0.65,0.55,3,156,5,0,0,0,marketing,low0.18,0.49,3,240,2,1,0,0,marketing,low0.66,0.9,4,177,7,0,0,0,sales,low0.78,0.8,3,135,7,0,0,0,sales,medium0.82,0.65,5,178,7,1,0,0,sales,medium0.54,0.64,3,190,7,0,0,0,sales,medium0.95,0.84,3,240,7,0,0,0,sales,medium0.65,0.85,4,172,3,0,0,0,sales,medium0.83,0.55,3,271,7,0,0,0,sales,medium0.15,0.6,5,188,7,0,0,0,sales,medium0.59,0.59,4,197,7,0,0,0,IT,medium0.99,0.94,5,151,3,0,0,0,product_mng,medium0.76,0.72,3,263,3,0,0,0,product_mng,medium0.64,0.67,2,223,3,0,0,0,product_mng,medium0.95,0.75,4,151,3,0,0,0,product_mng,medium0.53,0.66,3,191,3,0,0,0,IT,high0.59,0.5,2,162,2,0,0,0,management,high0.69,0.86,5,195,6,0,0,0,management,high0.5,0.49,4,222,3,0,0,0,management,high0.89,0.96,3,179,8,0,0,0,management,high0.56,0.39,3,106,8,0,0,0,management,high0.77,0.68,3,214,8,1,0,0,management,high0.15,0.75,3,259,8,1,0,0,marketing,high0.88,0.58,3,145,8,0,0,0,sales,low0.89,0.86,4,153,3,0,0,0,accounting,low0.65,0.52,2,117,10,1,0,0,support,low0.58,0.99,3,207,10,0,0,0,technical,low0.56,0.85,3,265,10,1,0,0,management,low0.25,0.72,5,279,8,0,0,0,marketing,low0.87,0.89,4,225,8,0,0,0,marketing,low0.62,0.4,3,158,8,1,0,0,marketing,low0.72,0.75,4,211,4,0,0,0,sales,medium0.49,0.94,4,175,3,0,0,0,sales,medium0.57,0.91,4,224,10,0,0,0,sales,medium0.63,0.65,3,190,10,0,0,0,sales,medium0.91,0.63,5,240,7,0,0,0,sales,medium0.7,0.68,5,225,7,0,0,0,sales,medium0.66,0.95,5,192,7,0,0,0,sales,medium0.77,0.48,5,262,7,0,0,0,IT,medium0.68,0.97,3,250,3,1,0,0,product_mng,medium0.34,0.46,3,155,10,0,0,0,product_mng,medium0.97,0.64,4,238,10,1,0,0,product_mng,medium0.57,0.75,4,249,10,0,0,0,product_mng,medium0.66,0.65,3,272,10,0,0,0,IT,medium0.68,0.67,4,162,10,0,0,0,management,high0.49,0.78,4,254,10,0,0,0,management,high0.72,0.66,4,184,3,0,0,0,management,high0.77,0.89,4,269,10,0,0,0,management,high0.77,0.73,3,201,10,0,0,0,management,high0.59,0.73,4,247,10,0,0,0,management,high0.41,0.67,6,221,10,0,0,0,marketing,medium0.94,0.64,5,247,10,0,0,0,sales,medium0.91,0.61,4,135,10,0,0,0,accounting,medium0.7,0.84,3,260,4,1,0,0,support,medium0.51,0.52,3,188,3,0,0,0,technical,high0.22,0.7,4,159,5,0,0,0,management,low0.69,0.65,3,153,2,0,0,0,marketing,medium0.2,0.68,5,167,7,0,0,0,marketing,medium0.9,0.85,3,158,7,0,0,0,marketing,medium0.76,0.85,3,180,7,0,0,0,sales,medium0.88,0.51,3,211,7,0,0,0,sales,medium0.31,0.63,4,104,7,1,0,0,sales,medium0.17,0.66,6,174,3,0,0,0,sales,medium0.91,0.77,3,195,7,0,0,0,sales,medium0.97,0.38,5,211,7,1,0,0,sales,medium0.61,0.77,5,232,7,0,0,0,sales,medium0.74,0.67,5,216,3,0,0,0,sales,low0.65,0.82,5,265,3,0,0,0,IT,low0.87,0.73,5,184,3,0,0,0,product_mng,low0.56,0.71,5,244,3,0,0,0,product_mng,low0.78,0.69,4,202,3,0,0,0,product_mng,low0.73,0.57,3,146,2,0,0,0,product_mng,low0.66,0.78,4,161,6,0,0,0,IT,low0.15,0.81,5,280,3,1,0,0,RandD,high0.52,0.69,5,208,8,1,0,0,RandD,low0.44,0.66,6,134,8,0,0,0,RandD,high0.7,0.7,3,162,8,0,0,0,RandD,high0.63,0.52,5,209,8,1,0,0,RandD,low0.89,0.59,3,265,8,0,0,0,RandD,low0.96,0.85,4,173,3,0,0,0,marketing,high0.98,0.99,4,261,10,1,0,0,sales,low0.62,0.82,3,204,10,0,0,0,accounting,medium0.62,0.73,3,144,10,1,0,0,support,high0.69,0.43,5,113,8,0,0,0,technical,medium0.5,0.91,4,144,8,0,0,0,management,medium0.71,0.93,5,140,8,0,0,0,marketing,medium0.5,0.68,3,245,4,0,0,0,marketing,medium0.93,0.6,3,188,3,0,0,0,marketing,high0.95,0.77,5,199,10,1,0,0,sales,medium0.17,0.61,6,154,10,1,0,0,sales,medium0.92,0.68,4,138,7,0,0,0,sales,medium0.64,0.48,3,147,7,0,0,0,sales,high0.27,0.42,6,173,7,0,0,0,sales,medium0.66,0.87,3,223,7,0,0,0,sales,high0.59,0.69,3,200,3,0,0,0,sales,low0.93,0.98,4,189,10,0,0,0,sales,medium0.58,0.67,5,133,10,0,0,0,technical,medium0.96,0.6,3,160,10,0,0,0,support,medium0.69,0.85,3,153,10,0,0,0,support,medium0.41,0.38,4,142,10,1,0,0,support,low0.36,0.41,3,167,10,0,0,0,support,low0.71,0.78,4,227,2,0,0,0,support,low0.94,0.9,4,144,4,0,0,0,support,low0.51,0.76,4,140,3,0,0,0,support,low0.83,0.48,4,220,3,1,0,0,support,low0.22,0.62,3,180,3,0,0,0,support,low0.66,0.89,4,173,4,0,0,0,support,low0.14,0.58,3,179,5,0,0,0,support,low0.16,0.96,5,137,5,1,0,0,technical,low0.81,0.78,3,165,3,0,0,0,technical,high0.73,0.94,3,177,3,0,0,0,technical,low0.7,0.58,5,168,3,0,0,0,management,low0.62,0.73,3,245,4,0,0,0,IT,low0.5,0.83,5,258,2,0,0,0,IT,low0.7,0.88,3,159,2,0,0,0,IT,high0.53,0.73,3,163,3,1,0,0,IT,low0.87,0.9,3,174,2,0,0,0,IT,low0.59,0.6,3,214,2,1,0,0,product_mng,low0.94,0.67,4,191,3,1,0,0,product_mng,high0.2,0.53,5,272,5,0,0,0,product_mng,low0.42,0.44,3,183,2,0,0,0,product_mng,medium0.43,0.66,4,135,2,0,0,0,IT,high0.43,0.76,6,154,2,0,0,0,management,high0.77,0.86,5,238,3,0,0,0,management,high0.76,0.98,2,235,3,0,0,0,management,high0.82,0.9,3,215,4,0,0,0,management,high0.75,0.66,5,234,2,0,0,0,management,high0.63,0.98,4,187,3,0,0,0,management,high0.51,0.75,3,133,3,0,0,0,sales,medium0.23,0.7,3,123,5,0,0,0,sales,medium0.77,0.58,4,202,3,0,0,0,sales,medium0.54,0.63,4,140,3,0,0,0,sales,medium0.63,0.85,4,182,3,1,0,0,sales,high0.55,0.45,3,179,2,1,0,0,sales,low0.31,0.63,3,150,3,1,0,0,sales,medium0.98,0.74,4,151,3,0,0,0,sales,medium0.16,0.95,6,117,7,0,0,0,sales,medium0.54,0.78,3,156,7,0,0,0,sales,medium0.73,0.48,3,211,7,0,0,0,sales,medium0.16,0.63,6,286,7,0,0,1,sales,medium0.57,0.82,5,233,7,0,0,1,sales,medium0.88,0.88,4,222,3,1,0,1,sales,medium0.95,0.81,4,258,7,0,0,1,sales,medium0.93,0.7,5,231,7,0,0,1,sales,high0.91,0.58,3,220,7,0,0,1,sales,low0.77,0.82,4,134,3,0,0,1,sales,low0.24,0.94,6,141,3,1,0,0,sales,low0.74,0.74,5,160,3,1,0,0,sales,high0.53,0.59,4,259,3,0,0,0,sales,low0.89,0.77,5,232,3,0,0,0,sales,low0.23,0.77,5,272,2,0,0,0,sales,low0.69,0.66,3,215,6,0,0,0,sales,high0.52,0.72,4,222,3,0,0,0,sales,low0.9,0.58,3,244,8,0,0,0,sales,low0.92,0.63,5,224,8,1,0,0,sales,low0.72,0.59,5,200,8,1,0,0,sales,low0.92,0.61,4,143,8,0,0,0,sales,low0.79,0.86,5,238,8,0,0,0,sales,low0.48,0.89,4,145,3,0,0,0,sales,low0.27,0.76,4,108,10,0,0,0,sales,medium0.67,0.49,3,247,10,0,0,0,sales,medium0.48,0.7,3,213,10,0,0,0,sales,medium0.99,0.6,4,209,8,1,0,0,IT,medium0.49,0.88,4,240,8,0,0,0,product_mng,medium0.39,0.45,3,100,8,1,0,0,product_mng,medium0.99,0.92,4,265,4,1,0,0,product_mng,medium0.78,0.57,3,209,3,0,0,0,product_mng,medium0.5,0.73,3,154,10,0,0,0,IT,medium0.61,0.79,5,230,10,0,0,0,management,high0.88,0.6,4,208,7,0,0,1,management,high0.44,0.44,2,141,7,1,0,1,management,high0.73,0.78,3,262,7,1,0,1,management,high0.58,0.84,4,206,7,0,0,1,management,high0.74,0.98,3,166,3,1,0,1,management,high0.32,0.48,4,117,10,0,0,1,marketing,medium0.88,0.83,4,273,10,0,0,0,sales,medium0.81,0.9,4,270,10,0,0,0,accounting,medium0.59,0.92,3,138,10,0,0,0,support,low0.79,0.65,3,235,10,0,0,0,technical,low0.92,0.64,4,190,10,1,0,0,management,low0.76,0.85,3,192,3,0,0,0,marketing,low0.91,0.65,5,214,3,1,0,0,marketing,low0.8,0.84,4,242,2,1,0,0,marketing,low0.73,0.72,4,233,2,0,0,0,sales,low0.88,0.53,3,218,4,0,0,0,sales,low0.65,0.4,5,125,4,0,0,0,sales,low0.84,0.5,4,178,2,0,0,0,sales,low0.93,0.5,5,272,3,0,0,0,sales,low0.64,0.6,3,265,4,0,0,0,sales,low0.66,0.72,4,271,3,0,0,0,sales,low0.76,0.56,3,179,3,1,0,0,sales,low0.34,0.72,3,118,4,0,0,0,IT,low0.48,0.8,4,196,5,0,0,0,product_mng,low0.79,0.61,4,173,2,0,0,0,product_mng,low0.82,0.67,4,156,3,0,0,0,product_mng,low0.51,0.71,2,180,3,0,0,0,product_mng,low0.84,0.78,4,263,3,0,0,0,IT,low0.66,0.79,5,134,3,0,0,0,management,high0.72,0.88,3,189,3,1,0,0,management,high0.53,0.91,4,167,4,0,0,0,management,high0.81,0.8,5,132,2,1,0,0,management,high0.58,0.9,3,209,2,0,0,0,management,high0.82,0.56,2,227,5,1,0,0,management,high0.72,0.99,4,239,3,0,0,0,marketing,medium0.9,0.54,4,172,4,0,0,0,sales,medium0.98,0.91,3,188,4,0,0,0,accounting,medium0.56,0.74,3,265,3,0,0,0,support,medium0.77,0.82,3,153,3,1,0,0,technical,medium0.61,0.89,4,242,2,0,0,0,management,medium0.97,0.61,4,262,3,1,0,1,marketing,medium0.64,0.55,3,246,2,0,0,1,marketing,high0.99,0.97,4,211,2,0,0,1,marketing,low0.61,0.42,3,145,4,0,0,1,sales,medium0.72,0.71,4,256,3,0,0,1,sales,medium0.67,0.91,2,245,2,1,0,1,sales,medium0.9,0.56,3,151,3,0,0,0,sales,medium0.9,0.73,4,245,2,0,0,0,sales,low0.63,0.61,4,171,3,0,0,0,sales,low0.64,0.88,3,252,2,0,0,0,sales,low0.44,0.65,3,175,2,0,0,0,IT,low0.64,0.94,4,210,3,0,0,0,product_mng,low0.65,0.95,2,180,2,0,0,0,product_mng,low0.69,0.9,5,103,5,0,0,0,product_mng,low0.93,0.51,4,110,3,0,0,0,product_mng,low0.73,0.9,5,184,3,0,0,0,IT,low0.83,0.6,4,161,2,0,0,0,management,high0.82,0.49,5,210,3,0,0,0,management,high0.39,0.91,2,212,2,0,0,0,management,high0.53,0.47,6,106,6,0,0,0,management,high0.88,0.81,4,179,3,0,0,0,management,high0.8,0.6,5,217,3,0,0,0,management,high0.68,0.79,4,184,3,0,0,0,marketing,low0.66,0.6,3,210,2,0,0,0,sales,low0.61,0.61,4,246,2,0,0,0,accounting,low0.74,0.55,4,262,3,0,0,0,support,low0.61,0.83,4,245,3,1,0,1,technical,low0.57,0.99,3,222,3,1,0,1,management,low0.68,0.54,4,146,4,0,0,1,marketing,medium0.75,0.79,4,263,3,0,0,1,marketing,medium0.29,0.57,5,134,2,0,0,1,marketing,medium0.81,0.81,5,250,4,0,0,1,sales,medium0.53,0.68,4,173,3,0,0,0,sales,medium0.42,0.96,6,173,3,0,0,0,sales,medium0.64,0.67,4,252,3,1,0,0,sales,medium0.63,0.5,2,230,4,0,0,0,sales,medium0.81,0.81,4,212,2,1,0,0,sales,medium0.71,0.66,5,187,2,0,0,0,sales,medium0.7,0.83,5,241,2,0,0,0,sales,medium0.53,1,3,164,4,0,0,0,IT,medium0.16,0.93,6,218,6,1,0,0,product_mng,high0.17,0.55,4,194,3,0,0,0,product_mng,low0.7,0.95,3,158,2,0,0,0,product_mng,medium0.43,0.88,2,149,4,0,0,0,product_mng,medium0.49,0.62,4,161,2,0,0,0,IT,medium0.5,0.9,5,226,2,0,0,0,management,high0.57,0.59,2,111,2,0,0,0,management,high0.68,0.75,4,258,3,0,0,0,management,high0.62,0.61,3,266,2,0,0,0,management,high0.69,0.75,3,253,3,0,0,0,management,high0.63,0.7,5,160,3,0,0,0,management,high0.76,0.62,5,230,3,1,0,0,marketing,low0.62,0.76,5,198,3,0,0,0,sales,low0.82,0.69,3,250,3,0,0,0,accounting,low0.2,0.7,4,225,5,0,0,0,support,low0.16,0.7,3,178,3,1,0,0,technical,low0.2,0.78,4,196,3,0,0,0,management,low0.53,0.51,4,240,2,0,0,0,marketing,low0.71,0.63,3,204,3,0,0,0,marketing,low0.7,0.93,3,250,3,0,0,0,marketing,low0.92,0.94,2,224,2,0,0,0,sales,low0.81,0.92,4,268,3,0,0,0,sales,low0.79,0.62,5,167,3,0,0,0,sales,low0.53,0.64,3,168,3,0,0,0,sales,low0.51,0.56,4,168,2,0,0,0,sales,low0.78,0.9,5,158,3,0,0,0,sales,low0.5,0.91,3,240,3,0,0,0,sales,low0.92,1,4,261,4,0,0,0,sales,medium0.59,0.54,4,176,2,0,0,0,technical,medium0.77,0.55,3,217,3,0,0,0,support,medium0.74,0.87,5,224,2,0,0,0,support,medium0.67,0.97,4,196,3,0,0,0,support,medium0.56,0.59,3,223,3,0,0,0,support,medium0.84,0.44,5,131,5,1,0,0,support,medium0.53,0.77,2,167,2,0,0,0,support,medium0.86,0.71,5,273,3,0,0,0,support,medium0.77,0.68,3,98,3,0,0,0,support,medium0.97,0.94,4,253,3,0,0,0,support,medium0.69,0.87,5,174,3,0,0,0,support,medium0.73,0.9,3,274,2,0,0,0,support,high0.42,0.47,6,174,5,0,0,0,technical,low0.4,0.47,5,173,5,0,0,0,technical,medium0.33,0.41,2,198,4,0,0,0,technical,medium0.68,0.66,3,238,2,0,0,0,management,medium0.78,0.8,3,256,2,0,0,0,IT,medium0.92,0.6,3,179,2,0,0,0,IT,low0.66,0.66,4,273,4,1,0,0,IT,low0.6,0.45,3,104,4,0,0,0,IT,low0.86,0.83,4,208,3,1,0,0,IT,low0.61,0.49,3,275,2,0,0,0,product_mng,low0.71,0.68,3,231,2,1,0,0,product_mng,low0.86,0.62,4,186,3,0,0,0,product_mng,low0.96,0.59,3,241,3,0,0,0,product_mng,low0.7,0.54,3,194,2,1,0,0,IT,low0.38,0.49,4,196,3,0,0,1,management,high0.39,0.75,6,185,3,0,0,1,management,high0.49,0.4,2,148,2,1,0,1,management,high0.78,0.62,4,150,3,0,0,1,management,high0.74,0.79,5,121,5,0,0,1,management,high0.82,0.76,4,266,3,0,0,1,management,high0.6,0.42,2,109,6,0,0,0,sales,low0.72,0.99,3,143,4,0,0,0,sales,low0.73,0.97,3,174,3,0,0,0,sales,low0.89,0.55,4,159,2,0,0,0,sales,medium0.74,0.94,4,157,2,0,0,0,sales,medium0.83,0.57,2,222,2,0,0,0,sales,medium0.24,0.88,5,199,5,1,0,0,sales,medium0.93,0.89,3,255,7,1,0,0,sales,medium0.96,0.62,4,253,7,0,0,0,sales,medium0.16,0.68,5,149,7,1,0,0,sales,medium0.21,0.85,6,285,7,0,0,0,sales,medium0.69,0.54,3,164,7,0,0,0,sales,medium0.66,0.96,3,243,3,1,0,0,sales,medium0.67,0.39,2,207,7,0,0,0,sales,medium0.85,0.58,4,186,7,0,0,0,sales,medium0.37,0.92,4,211,7,0,0,0,sales,high0.64,0.64,2,190,3,0,0,0,sales,low0.91,0.82,2,241,3,0,0,0,sales,medium0.96,0.68,3,206,3,0,0,0,sales,medium0.74,0.7,4,273,3,0,0,0,sales,medium0.94,0.99,2,157,3,0,0,0,sales,medium0.37,0.72,3,183,2,0,0,0,sales,low0.92,0.85,3,151,6,1,0,0,sales,low0.86,0.72,3,217,3,0,0,0,sales,low0.66,0.49,5,235,8,1,0,0,sales,low0.19,0.61,4,127,8,0,0,0,sales,low0.65,0.61,5,167,8,0,0,0,sales,low0.92,0.44,3,260,8,0,0,0,sales,low0.83,0.8,3,240,8,0,0,0,sales,low0.94,0.82,4,187,3,0,0,0,sales,low0.42,0.69,3,126,2,0,0,0,sales,low0.78,0.53,6,168,3,0,0,0,sales,low0.58,0.76,4,197,5,0,0,0,sales,low0.5,0.64,2,170,8,0,0,0,sales,low0.82,0.76,3,219,8,1,0,0,IT,low0.97,0.92,6,137,8,1,0,0,product_mng,low0.8,0.93,3,225,4,0,0,0,product_mng,low0.82,0.84,3,194,3,0,0,0,product_mng,low0.95,0.99,5,251,4,0,0,0,product_mng,low0.88,0.51,5,195,4,0,0,0,IT,low0.5,0.86,3,180,7,0,0,1,management,high0.53,0.8,2,225,7,1,0,1,management,high0.82,0.74,3,229,7,0,0,1,management,high0.15,0.74,6,144,7,0,0,1,management,high0.92,0.7,3,129,3,0,0,1,management,high0.53,0.74,3,172,10,0,0,1,management,high0.58,1,4,220,10,0,0,0,marketing,medium0.88,0.74,3,273,10,0,0,0,sales,medium0.85,0.72,3,245,10,0,0,0,accounting,medium0.99,0.68,5,264,10,1,0,0,support,medium0.94,0.73,3,268,10,0,0,0,technical,medium0.63,0.94,3,172,3,0,0,0,management,medium0.85,0.9,3,245,3,0,0,0,marketing,medium0.95,0.66,5,192,3,0,0,0,marketing,medium0.71,0.66,3,268,4,0,0,0,marketing,high0.49,0.88,4,244,3,0,0,0,sales,low0.71,0.69,4,222,4,0,0,0,sales,medium0.52,0.62,5,239,2,0,0,0,sales,medium0.48,0.72,3,143,4,0,0,0,sales,medium0.82,0.79,3,160,3,0,0,0,sales,medium0.83,0.76,2,255,7,0,0,0,sales,low0.85,0.87,4,152,7,0,0,0,sales,low0.57,0.64,4,226,7,0,0,0,sales,low0.16,0.63,5,266,7,0,0,0,IT,low0.85,0.64,5,256,7,0,0,0,product_mng,low0.82,0.67,3,198,3,1,0,0,product_mng,low0.9,0.89,4,254,7,0,0,0,product_mng,low0.92,0.64,2,104,7,0,0,0,product_mng,low0.9,0.48,4,136,7,0,0,0,IT,low0.82,0.8,5,205,3,0,0,0,IT,low0.84,0.81,4,236,3,1,0,0,IT,low0.92,0.65,3,176,3,0,0,0,IT,low0.82,0.82,3,148,3,0,0,0,IT,low0.8,0.8,4,146,3,1,0,0,IT,low0.6,0.85,3,242,2,0,0,0,IT,low0.14,0.38,5,115,6,1,0,0,marketing,high0.85,0.89,4,150,3,0,0,0,accounting,high0.55,0.81,3,239,8,0,0,0,accounting,high0.49,0.71,4,178,8,0,0,0,IT,medium0.82,0.58,5,263,8,0,0,0,IT,medium0.59,0.77,3,272,8,0,0,0,management,high0.9,0.82,3,133,8,0,0,0,marketing,medium0.62,0.72,3,149,3,1,0,0,marketing,medium0.61,0.68,3,193,2,0,0,0,marketing,medium0.52,0.55,5,174,3,1,0,0,sales,medium0.79,0.87,4,223,5,0,0,0,sales,medium0.49,0.89,4,201,8,0,0,0,sales,medium0.73,0.67,2,139,8,0,0,0,sales,medium0.67,0.49,5,241,8,0,0,0,sales,medium0.52,0.61,4,187,4,1,0,0,sales,medium0.72,0.64,4,192,3,0,0,0,sales,medium0.48,0.5,5,142,4,0,0,0,IT,medium0.19,0.79,4,229,4,0,0,0,product_mng,medium0.49,0.49,3,104,7,0,0,0,product_mng,high0.9,0.76,3,255,7,0,0,0,product_mng,low0.49,0.49,4,212,7,0,0,0,product_mng,medium0.6,0.53,2,235,7,0,0,0,IT,medium0.62,0.85,3,237,3,1,0,0,IT,medium0.64,0.5,4,253,10,0,0,1,management,high0.22,0.94,3,193,10,0,0,1,management,high0.9,0.55,3,259,10,1,0,1,management,high0.74,0.95,5,266,10,0,0,1,management,high0.85,0.54,3,185,10,0,0,1,management,high0.33,0.65,3,172,10,0,0,1,marketing,high0.5,0.73,4,180,3,0,0,0,IT,low0.38,0.53,2,157,3,0,1,0,sales,low0.8,0.86,5,262,6,0,1,0,sales,medium0.11,0.88,7,272,4,0,1,0,sales,medium0.72,0.87,5,223,5,0,1,0,sales,low0.37,0.52,2,159,3,0,1,0,sales,low0.41,0.5,2,153,3,0,1,0,sales,low0.1,0.77,6,247,4,0,1,0,sales,low0.92,0.85,5,259,5,0,1,0,sales,low0.89,1,5,224,5,0,1,0,sales,low0.42,0.53,2,142,3,0,1,0,sales,low0.45,0.54,2,135,3,0,1,0,sales,low0.11,0.81,6,305,4,0,1,0,sales,low0.84,0.92,4,234,5,0,1,0,sales,low0.41,0.55,2,148,3,0,1,0,sales,low0.36,0.56,2,137,3,0,1,0,sales,low0.38,0.54,2,143,3,0,1,0,sales,low0.45,0.47,2,160,3,0,1,0,sales,low0.78,0.99,4,255,6,0,1,0,sales,low0.45,0.51,2,160,3,1,1,1,sales,low0.76,0.89,5,262,5,0,1,0,sales,low0.11,0.83,6,282,4,0,1,0,sales,low0.38,0.55,2,147,3,0,1,0,sales,low0.09,0.95,6,304,4,0,1,0,sales,low0.46,0.57,2,139,3,0,1,0,sales,low0.4,0.53,2,158,3,0,1,0,sales,low0.89,0.92,5,242,5,0,1,0,sales,low0.82,0.87,4,239,5,0,1,0,sales,low0.4,0.49,2,135,3,0,1,0,sales,low0.41,0.46,2,128,3,0,1,0,accounting,low0.38,0.5,2,132,3,0,1,0,accounting,low0.09,0.62,6,294,4,0,1,0,accounting,low0.45,0.57,2,134,3,0,1,0,hr,low0.4,0.51,2,145,3,0,1,0,hr,low0.45,0.55,2,140,3,0,1,0,hr,low0.84,0.87,4,246,6,0,1,0,hr,low0.1,0.94,6,255,4,0,1,0,technical,low0.38,0.46,2,137,3,0,1,0,technical,low0.45,0.5,2,126,3,0,1,0,technical,low0.11,0.89,6,306,4,0,1,0,technical,low0.41,0.54,2,152,3,0,1,0,technical,low0.87,0.88,5,269,5,0,1,0,technical,low0.45,0.48,2,158,3,0,1,0,technical,low0.4,0.46,2,127,3,0,1,0,technical,low0.1,0.8,7,281,4,0,1,0,technical,low0.09,0.89,6,276,4,0,1,0,technical,low0.84,0.74,3,182,4,0,1,0,technical,low0.4,0.55,2,147,3,0,1,0,support,low0.57,0.7,3,273,6,0,1,0,support,low0.4,0.54,2,148,3,0,1,0,support,low0.43,0.47,2,147,3,0,1,0,support,low0.13,0.78,6,152,2,0,1,0,support,low0.44,0.55,2,135,3,0,1,0,support,low0.38,0.55,2,134,3,0,1,0,support,low0.39,0.54,2,132,3,0,1,0,support,low0.1,0.92,7,307,4,0,1,0,support,low0.37,0.46,2,140,3,0,1,0,support,low0.11,0.94,7,255,4,0,1,0,support,low0.1,0.81,6,309,4,0,1,0,technical,low0.38,0.54,2,128,3,0,1,0,technical,low0.85,1,4,225,5,0,1,0,technical,low0.85,0.91,5,226,5,0,1,0,management,medium0.11,0.93,7,308,4,0,1,0,IT,medium0.1,0.95,6,244,5,0,1,0,IT,medium0.36,0.56,2,132,3,0,1,0,IT,medium0.11,0.94,6,286,4,0,1,0,IT,medium0.81,0.7,6,161,4,0,1,0,IT,medium0.43,0.54,2,153,3,0,1,0,product_mng,medium0.9,0.98,4,264,6,0,1,0,product_mng,medium0.76,0.86,5,223,5,1,1,0,product_mng,medium0.43,0.5,2,135,3,0,1,0,product_mng,medium0.74,0.99,2,277,3,0,1,0,IT,medium0.09,0.77,5,275,4,0,1,0,product_mng,medium0.45,0.49,2,149,3,0,1,0,product_mng,high0.09,0.87,7,295,4,0,1,0,product_mng,low0.11,0.97,6,277,4,0,1,0,product_mng,medium0.11,0.79,7,306,4,0,1,0,product_mng,medium0.1,0.83,6,295,4,0,1,0,product_mng,medium0.4,0.54,2,137,3,0,1,0,marketing,medium0.43,0.56,2,157,3,0,1,0,sales,low0.39,0.56,2,142,3,0,1,0,accounting,low0.45,0.54,2,140,3,0,1,0,support,low0.38,0.49,2,151,3,0,1,0,technical,low0.79,0.59,4,139,3,0,1,1,management,low0.84,0.85,4,249,6,0,1,0,marketing,low0.11,0.77,6,291,4,0,1,0,marketing,low0.11,0.87,6,305,4,0,1,0,marketing,low0.17,0.84,5,232,3,0,1,0,sales,low0.44,0.45,2,132,3,0,1,0,sales,low0.37,0.57,2,130,3,0,1,0,sales,low0.1,0.79,6,291,4,0,1,0,sales,low0.4,0.5,2,130,3,0,1,0,sales,low0.89,1,5,246,5,0,1,0,sales,low0.42,0.48,2,143,3,0,1,0,sales,low0.46,0.55,2,129,3,0,1,0,sales,low0.09,0.83,6,255,4,0,1,0,sales,low0.37,0.51,2,155,3,0,1,0,sales,low0.1,0.77,6,265,4,0,1,0,sales,low0.1,0.84,6,279,4,0,1,0,sales,low0.11,0.97,6,284,4,0,1,0,sales,low0.9,1,5,221,6,0,1,0,sales,medium0.38,0.52,2,154,3,0,1,0,sales,medium0.36,0.52,2,147,3,0,1,0,sales,medium0.42,0.46,2,150,3,0,1,0,sales,medium0.09,0.94,7,267,4,0,1,0,sales,medium0.43,0.52,2,158,3,0,1,0,sales,medium0.24,0.46,7,224,5,0,1,0,accounting,medium0.91,1,4,257,5,0,1,0,accounting,medium0.44,0.5,2,148,3,0,1,0,accounting,medium0.71,0.87,3,177,4,0,1,0,hr,medium0.4,0.49,2,155,3,0,1,0,hr,medium0.43,0.47,2,144,3,0,1,0,hr,medium0.09,0.85,6,289,4,0,1,0,hr,high0.43,0.52,2,160,3,0,1,0,technical,low0.9,0.96,4,258,5,0,1,0,technical,medium0.84,1,5,234,5,0,1,0,technical,medium0.37,0.48,2,137,3,0,1,0,technical,medium0.86,0.68,5,263,2,0,1,0,technical,medium0.11,0.84,6,251,4,0,1,0,technical,low0.37,0.57,2,133,3,0,1,0,technical,low0.4,0.46,2,132,3,0,1,0,technical,low0.14,0.62,4,158,4,1,1,0,technical,low0.4,0.46,2,135,3,0,1,0,technical,low0.75,1,4,216,6,0,1,0,technical,low0.11,0.84,6,300,5,1,1,0,support,low0.46,0.49,2,138,3,0,1,0,support,low0.11,0.92,6,260,4,0,1,0,support,low0.38,0.49,2,132,3,0,1,0,support,low0.7,0.89,3,183,5,0,1,0,support,low0.09,0.82,6,250,4,0,1,0,support,low0.37,0.45,2,151,3,0,1,0,support,low0.1,0.83,6,292,4,0,1,0,support,low0.38,0.57,2,140,3,0,1,0,support,low0.9,1,5,221,5,0,1,0,support,low0.44,0.51,2,138,3,0,1,0,support,low0.36,0.5,2,132,3,0,1,0,technical,low0.31,0.84,7,133,5,0,1,0,technical,low0.1,0.84,6,283,4,1,1,0,technical,low0.42,0.48,2,129,3,0,1,0,management,low0.74,1,4,249,5,0,1,0,IT,low0.73,0.87,5,257,5,0,1,0,IT,low0.09,0.96,6,245,4,0,1,0,IT,low0.45,0.53,2,155,3,0,1,0,IT,low0.11,0.8,6,256,4,0,1,0,IT,low0.37,0.47,2,152,3,0,1,0,product_mng,low0.84,0.99,4,267,5,0,1,0,product_mng,low0.41,0.46,2,151,3,0,1,0,product_mng,low0.76,0.92,4,239,5,0,1,0,product_mng,low0.11,0.87,6,306,4,0,1,0,IT,low0.84,0.88,4,263,5,1,1,0,marketing,low0.39,0.5,2,147,3,0,1,0,marketing,low0.11,0.91,6,278,4,0,1,0,marketing,low0.45,0.56,2,154,3,0,1,0,marketing,low0.37,0.52,2,143,3,0,1,0,marketing,low0.4,0.52,2,155,3,0,1,0,marketing,low0.39,0.48,2,160,3,0,1,0,sales,low0.11,0.8,6,304,4,0,1,0,accounting,low0.83,1,5,240,5,0,1,0,support,low0.11,0.92,6,305,4,0,1,0,technical,low0.39,0.5,2,136,3,0,1,0,management,low0.45,0.45,2,132,3,0,1,0,marketing,low0.1,0.95,7,301,4,0,1,0,marketing,low0.9,0.98,5,243,6,0,1,0,marketing,low0.45,0.51,2,147,3,0,1,0,sales,low0.79,0.89,5,239,5,0,1,0,sales,low0.9,0.99,5,260,5,0,1,0,sales,low0.11,0.84,7,296,4,0,1,0,sales,low0.43,0.55,2,129,3,0,1,0,sales,low0.31,0.54,5,132,5,0,1,0,sales,low0.32,0.5,2,135,5,0,1,0,sales,low0.45,0.57,2,158,3,0,1,0,sales,low0.81,0.99,4,259,5,0,1,0,sales,low0.41,0.46,2,160,3,0,1,1,sales,low0.11,0.78,7,278,4,0,1,0,sales,low0.1,0.88,6,284,4,0,1,0,sales,low0.7,0.53,2,274,4,0,1,0,sales,low0.54,0.74,4,164,2,0,1,0,sales,low0.41,0.48,2,148,3,0,1,0,sales,low0.38,0.5,2,140,3,0,1,0,sales,medium0.37,0.51,2,127,3,0,1,0,sales,medium0.11,0.85,6,308,5,0,1,0,sales,medium0.4,0.47,2,146,3,0,1,0,sales,medium0.1,0.84,6,261,4,0,1,0,accounting,medium0.89,0.99,5,257,5,0,1,0,accounting,medium0.11,0.8,6,285,4,0,1,0,accounting,medium0.36,0.55,2,141,3,0,1,0,hr,medium0.4,0.46,2,127,3,0,1,0,hr,medium0.09,0.85,6,297,4,0,1,0,hr,medium0.4,0.46,2,143,3,0,1,0,hr,medium0.37,0.55,2,152,3,0,1,0,technical,medium0.44,0.51,2,156,3,0,1,0,technical,high0.09,0.8,7,283,5,0,1,0,technical,low0.92,0.87,4,226,6,1,1,0,technical,medium0.74,0.91,4,232,5,0,1,0,technical,medium0.09,0.82,6,249,4,0,1,0,technical,medium0.89,0.95,4,275,5,0,1,0,technical,medium0.09,0.8,6,304,4,0,1,0,technical,low0.27,0.54,7,278,3,0,1,0,technical,low0.1,0.91,6,287,4,0,1,0,technical,low0.1,0.89,7,285,4,0,1,0,technical,low0.77,0.94,5,226,6,0,1,0,support,low0.9,0.82,5,259,5,0,1,0,support,low0.39,0.5,2,135,3,0,1,0,support,low0.76,1,5,219,5,0,1,0,support,low0.1,0.93,6,256,4,0,1,0,support,low0.87,0.9,5,254,6,0,1,0,support,low0.38,0.5,2,153,3,0,1,0,support,low0.77,0.99,5,228,5,0,1,0,support,low0.78,0.87,4,228,5,0,1,0,support,low0.44,0.5,2,128,3,0,1,0,support,low0.38,0.52,2,153,3,0,1,0,support,low0.43,0.46,2,156,3,0,1,0,technical,low0.39,0.5,4,294,3,0,1,0,technical,low0.88,1,5,219,5,0,1,0,technical,low0.45,0.46,2,153,3,0,1,0,management,low0.4,0.53,2,151,3,0,1,0,IT,low0.36,0.51,2,155,3,0,1,0,IT,low0.36,0.48,2,158,3,0,1,0,IT,low0.9,0.98,5,245,5,0,1,0,IT,low0.43,0.53,2,131,3,0,1,0,IT,low0.89,0.87,5,225,5,0,1,0,product_mng,low0.1,0.84,6,286,4,0,1,0,product_mng,low0.37,0.5,2,135,3,0,1,0,product_mng,low0.37,0.51,2,153,3,0,1,0,product_mng,low0.87,0.9,5,252,5,0,1,0,IT,low0.4,0.56,2,149,3,0,1,0,accounting,low0.9,0.97,4,258,5,0,1,0,accounting,low0.37,0.46,2,158,3,0,1,0,hr,low0.44,0.54,2,149,3,0,1,0,hr,low0.85,0.95,5,236,5,0,1,0,hr,low0.78,0.98,5,239,6,0,1,0,marketing,low0.42,0.47,2,159,3,0,1,0,marketing,low0.92,0.99,5,255,6,0,1,0,sales,low0.11,0.83,6,244,4,0,1,0,accounting,low0.42,0.56,2,134,3,0,1,0,support,low0.48,0.57,4,270,4,0,1,0,technical,low0.83,0.85,4,255,5,0,1,0,management,low0.4,0.53,2,151,3,0,1,0,marketing,low0.43,0.45,2,135,3,0,1,0,marketing,low0.43,0.53,2,146,3,0,1,0,marketing,low0.1,0.97,7,254,4,0,1,0,sales,low0.1,0.87,7,289,4,0,1,0,sales,low0.37,0.46,2,156,3,0,1,0,sales,low0.38,0.53,2,156,3,0,1,0,sales,low0.4,0.5,2,128,3,0,1,0,sales,low0.89,0.86,5,275,5,0,1,0,sales,low0.45,0.46,2,155,3,0,1,0,sales,low0.37,0.48,2,159,3,0,1,0,sales,low0.46,0.49,2,148,3,0,1,0,sales,low0.87,0.91,4,228,5,0,1,0,sales,low0.11,0.84,6,298,4,0,1,0,sales,low0.79,0.87,5,261,5,0,1,0,sales,low0.79,0.92,5,254,6,0,1,0,sales,low0.19,0.59,7,192,3,0,1,0,sales,low0.87,0.98,4,248,5,0,1,0,sales,low0.6,0.92,2,258,5,0,1,0,sales,low0.44,0.45,2,156,3,0,1,0,sales,medium0.11,0.81,6,266,4,1,1,0,sales,medium0.42,0.54,2,156,3,0,1,0,sales,medium0.88,0.88,5,232,5,1,1,0,accounting,medium0.11,0.84,6,287,4,0,1,0,accounting,medium0.46,0.46,2,154,3,0,1,0,accounting,medium0.82,0.97,5,263,5,0,1,0,hr,medium0.44,0.56,2,131,3,0,1,0,hr,medium0.11,0.78,6,260,4,0,1,0,hr,medium0.42,0.5,2,139,3,0,1,0,hr,medium0.84,0.93,4,251,5,0,1,0,technical,medium0.11,0.95,6,286,4,0,1,0,technical,medium0.45,0.53,2,129,3,0,1,0,technical,high0.38,0.56,2,156,3,0,1,0,technical,low0.38,0.86,6,139,6,0,1,0,technical,medium0.44,0.51,2,127,3,0,1,0,technical,medium0.11,0.84,6,251,4,0,1,0,technical,medium0.81,0.93,5,270,5,0,1,0,technical,medium0.09,0.96,6,296,4,0,1,0,technical,low0.11,0.9,6,254,4,0,1,0,technical,low0.81,0.95,5,238,6,0,1,0,technical,low0.1,0.97,6,267,4,1,1,0,support,low0.74,0.89,5,229,6,0,1,0,support,low0.09,0.78,6,254,4,0,1,0,support,low0.82,0.81,4,233,4,1,1,0,support,low0.1,0.98,6,268,4,0,1,0,support,low0.27,0.56,3,301,3,0,1,0,support,low0.83,0.92,5,267,6,0,1,0,support,low0.1,0.93,6,289,4,1,1,0,support,low0.38,0.47,2,144,3,0,1,0,support,low0.4,0.56,2,148,3,0,1,0,support,low0.11,0.83,6,306,4,0,1,0,support,low0.11,0.79,6,292,4,0,1,1,technical,low0.82,0.91,5,232,5,0,1,0,technical,low0.36,0.48,2,137,3,0,1,0,technical,low0.4,0.46,2,128,3,0,1,0,management,low0.87,0.84,5,231,5,0,1,0,IT,low0.41,0.49,2,146,3,0,1,0,IT,low0.11,0.91,6,308,4,1,1,0,IT,low0.1,0.93,6,253,4,0,1,0,IT,medium0.38,0.51,2,146,3,0,1,0,IT,medium0.39,0.55,2,156,3,0,1,0,product_mng,medium0.4,0.52,2,147,3,0,1,0,product_mng,medium0.45,0.48,2,136,3,0,1,0,product_mng,medium0.74,0.84,5,249,5,0,1,0,product_mng,medium0.45,0.55,2,151,3,0,1,0,IT,medium0.12,1,3,278,4,0,1,0,RandD,medium0.1,0.77,7,250,5,0,1,0,RandD,medium0.37,0.55,2,127,3,0,1,0,RandD,medium0.89,0.87,5,255,5,0,1,0,RandD,medium0.45,0.47,2,135,3,0,1,0,RandD,medium0.37,0.46,2,149,3,0,1,0,marketing,high0.11,0.81,5,287,4,0,1,0,sales,low0.41,0.48,2,145,3,0,1,0,accounting,medium0.1,0.94,6,285,4,0,1,0,support,medium0.1,0.93,7,305,4,0,1,0,technical,medium0.11,0.95,7,300,4,0,1,0,management,medium0.4,0.54,2,139,3,0,1,0,marketing,low0.41,0.49,2,130,3,0,1,0,marketing,low0.1,0.81,6,268,4,0,1,0,marketing,low0.73,0.86,4,245,6,0,1,0,sales,low0.43,0.47,2,135,3,0,1,0,sales,low0.37,0.46,2,153,3,0,1,0,sales,low0.11,0.94,6,276,4,0,1,0,sales,low0.4,0.46,2,130,3,0,1,0,sales,low0.41,0.54,2,153,3,1,1,0,sales,low0.82,0.84,5,244,5,0,1,0,sales,low0.61,0.47,2,253,3,0,1,0,sales,low0.11,0.91,7,287,4,0,1,0,sales,low0.37,0.45,2,131,3,0,1,0,sales,low0.41,0.52,2,135,3,0,1,0,sales,low0.37,0.52,2,157,3,0,1,0,sales,low0.88,0.99,5,262,6,0,1,0,sales,low0.1,0.85,6,266,4,0,1,0,sales,low0.44,0.48,2,148,3,0,1,0,sales,low0.38,0.57,2,140,3,0,1,0,sales,low0.11,0.85,7,302,4,0,1,0,sales,low0.09,0.98,6,271,4,0,1,0,sales,low0.45,0.52,2,145,3,0,1,0,sales,medium0.1,0.81,6,290,4,0,1,0,accounting,medium0.45,0.47,2,151,3,0,1,0,accounting,medium0.77,0.87,5,266,5,0,1,0,accounting,medium0.44,0.51,2,140,3,0,1,0,hr,medium0.39,0.5,2,142,3,0,1,0,hr,medium0.1,0.91,6,246,4,0,1,0,hr,medium0.09,0.89,7,308,5,0,1,0,hr,medium0.37,0.47,2,141,3,0,1,0,technical,medium0.9,1,5,232,5,0,1,0,technical,medium0.41,0.56,2,143,3,0,1,0,technical,medium0.37,0.52,2,155,3,0,1,0,technical,medium0.1,0.86,6,278,4,0,1,0,technical,high0.81,1,4,253,5,0,1,0,technical,low0.11,0.8,6,282,4,0,1,0,technical,medium0.11,0.84,7,264,4,0,1,0,technical,medium0.4,0.46,2,149,3,0,1,0,technical,medium0.09,0.8,6,304,5,0,1,0,technical,medium0.48,0.93,3,219,6,0,1,0,technical,low0.91,0.91,4,262,6,0,1,0,support,low0.43,0.57,2,135,3,0,1,0,support,low0.33,0.88,6,219,5,0,1,0,support,low0.41,0.57,2,136,3,0,1,0,support,low0.41,0.55,2,154,3,0,1,0,support,low0.37,0.54,2,149,3,0,1,0,support,low0.31,0.62,6,135,5,0,1,0,support,low0.09,0.91,6,275,4,0,1,0,support,low0.1,0.87,6,290,4,0,1,0,support,low0.76,0.9,4,263,5,0,1,0,support,low0.41,0.54,2,145,3,0,1,0,support,low0.72,0.96,5,267,5,0,1,0,technical,low0.4,0.5,2,141,3,1,1,0,technical,low0.91,0.87,4,235,5,0,1,0,technical,low0.1,0.83,6,258,4,0,1,0,management,low0.4,0.56,2,131,3,0,1,0,IT,low0.82,0.86,5,243,5,0,1,0,IT,low0.1,0.82,6,266,4,0,1,0,IT,low0.37,0.45,2,142,3,0,1,0,IT,low0.36,0.51,2,135,3,0,1,0,IT,low0.39,0.48,2,141,3,0,1,0,product_mng,medium0.36,0.57,2,142,3,0,1,0,product_mng,medium0.86,0.84,5,254,5,0,1,0,product_mng,medium0.73,0.99,5,262,5,0,1,0,product_mng,medium0.56,0.71,4,296,2,0,1,0,IT,medium0.44,0.56,2,158,3,0,1,0,accounting,medium0.31,0.56,4,238,2,0,1,0,accounting,medium0.77,0.93,4,231,5,0,1,0,hr,medium0.44,0.45,2,156,3,0,1,0,hr,medium0.38,0.46,2,145,3,0,1,0,hr,medium0.45,0.48,2,144,3,0,1,0,marketing,medium0.38,0.51,2,159,3,0,1,0,sales,medium0.36,0.48,2,156,3,0,1,0,accounting,high0.75,0.9,5,256,5,0,1,0,support,low0.1,0.93,6,298,4,0,1,0,technical,medium0.1,0.97,6,247,4,0,1,0,management,medium0.45,0.5,2,157,3,0,1,0,marketing,medium0.42,0.57,2,154,3,1,1,0,marketing,medium0.78,1,4,253,5,0,1,0,marketing,low0.45,0.55,2,148,3,0,1,0,sales,low0.84,1,4,261,5,0,1,0,sales,low0.11,0.93,6,282,4,0,1,0,sales,low0.42,0.56,2,133,3,0,1,0,sales,low0.45,0.46,2,128,3,0,1,0,sales,low0.46,0.57,2,139,3,0,1,0,sales,low0.09,0.79,6,293,5,0,1,0,sales,low0.87,0.83,4,265,6,0,1,0,sales,low0.1,0.87,6,250,4,0,1,0,sales,low0.91,1,5,251,6,0,1,0,sales,low0.76,0.92,4,246,5,0,1,0,sales,low0.74,1,5,275,5,0,1,0,sales,low0.92,0.93,5,240,5,0,1,0,sales,low0.76,0.87,5,245,5,0,1,0,sales,low0.47,0.5,4,254,4,0,1,0,sales,low0.73,0.99,5,241,5,0,1,0,sales,low0.09,0.94,6,257,4,0,1,0,sales,low0.91,0.92,4,246,5,0,1,0,sales,low0.82,0.98,4,233,5,0,1,0,sales,low0.28,0.45,6,218,4,0,1,0,accounting,low0.84,0.99,4,262,6,0,1,0,accounting,medium0.45,0.53,2,138,3,0,1,0,accounting,medium0.45,0.54,2,142,3,0,1,0,hr,medium0.91,0.97,5,233,5,0,1,0,hr,medium0.42,0.48,2,155,3,0,1,0,hr,medium0.82,1,4,229,6,0,1,0,hr,medium0.11,0.9,6,264,4,0,1,0,technical,medium0.42,0.53,3,199,4,0,1,0,technical,medium0.82,0.85,4,223,5,0,1,0,technical,medium0.09,0.96,6,268,4,0,1,0,technical,medium0.1,0.94,6,287,4,0,1,0,technical,medium0.86,1,5,257,5,0,1,0,technical,medium0.4,0.46,2,143,3,0,1,0,technical,high0.45,0.46,2,130,3,0,1,0,technical,low0.42,0.51,2,136,3,0,1,0,technical,medium0.74,0.92,4,261,5,0,1,0,technical,medium0.55,0.6,3,180,4,0,1,0,technical,medium0.37,0.45,2,126,3,0,1,0,support,medium0.41,0.52,2,127,3,1,1,0,support,low0.89,0.65,5,195,6,0,1,0,support,low0.41,0.57,2,160,3,0,1,0,support,low0.44,0.51,2,150,3,0,1,0,support,low0.87,0.84,4,264,6,0,1,0,support,low0.1,0.84,6,309,4,0,1,0,support,low0.41,0.47,2,135,3,0,1,0,support,low0.11,0.85,6,261,4,0,1,0,support,low0.43,0.53,2,160,3,0,1,0,support,low0.77,0.9,4,237,5,0,1,0,support,low0.41,0.52,2,136,3,0,1,0,technical,low0.41,0.48,2,139,3,0,1,0,technical,low0.36,0.78,2,151,4,0,1,0,technical,low0.77,1,5,229,5,0,1,0,management,low0.81,0.98,5,245,5,0,1,0,IT,low0.39,0.54,2,127,3,0,1,0,IT,low0.09,0.94,6,283,5,0,1,0,IT,low0.44,0.46,2,143,3,0,1,0,IT,low0.1,0.84,5,298,4,0,1,0,IT,low0.36,0.48,2,159,3,0,1,0,product_mng,low0.81,0.92,5,239,5,0,1,0,product_mng,low0.81,0.9,4,226,5,0,1,0,product_mng,medium0.85,0.98,5,248,5,0,1,0,product_mng,medium0.1,0.87,6,286,4,0,1,0,IT,medium0.37,0.54,2,145,3,0,1,0,RandD,medium0.09,0.97,7,254,4,1,1,0,RandD,medium0.44,0.53,2,127,3,0,1,0,RandD,medium0.86,0.93,5,223,5,0,1,0,RandD,medium0.77,1,4,255,5,0,1,0,RandD,medium0.41,0.48,2,136,3,0,1,0,marketing,medium0.4,0.48,2,137,3,0,1,0,sales,medium0.43,0.49,2,135,3,0,1,0,accounting,medium0.43,0.5,2,137,3,0,1,0,support,medium0.8,0.53,3,255,5,0,1,0,technical,high0.8,0.85,4,273,5,0,1,0,management,low0.82,0.98,5,234,5,0,1,0,marketing,medium0.37,0.54,2,152,3,0,1,0,marketing,medium0.37,0.48,2,134,3,0,1,0,marketing,medium0.09,0.95,6,292,4,0,1,0,sales,medium0.9,0.92,5,245,5,0,1,0,sales,low0.41,0.52,2,159,3,0,1,0,sales,low0.1,0.85,6,260,4,0,1,0,sales,low0.44,0.53,2,149,3,0,1,0,sales,low0.89,0.85,5,266,5,0,1,0,sales,low0.42,0.56,2,149,3,0,1,0,sales,low0.87,1,5,242,5,0,1,0,sales,low0.45,0.57,2,134,3,0,1,0,sales,low0.11,0.87,5,271,4,0,1,0,sales,low0.09,0.79,6,275,4,0,1,0,sales,low0.76,0.83,5,227,5,0,1,0,sales,low0.11,0.96,7,277,5,0,1,0,sales,low0.37,0.49,2,151,3,0,1,0,sales,low0.1,0.79,6,274,4,0,1,0,sales,low0.77,0.87,4,242,6,0,1,0,sales,low0.42,0.54,2,143,3,1,1,0,sales,low0.38,0.52,2,145,3,0,1,0,sales,low0.32,0.95,5,172,2,0,1,0,sales,low0.38,0.49,2,135,3,0,1,0,accounting,low0.19,1,4,192,4,0,1,0,accounting,low0.1,0.83,7,276,4,0,1,0,accounting,low0.76,0.88,4,206,4,0,1,0,hr,medium0.53,0.56,4,281,6,0,1,0,hr,medium0.39,0.51,2,151,3,0,1,0,hr,medium0.11,0.83,6,244,4,0,1,0,hr,medium0.1,0.94,6,309,4,0,1,0,technical,medium0.84,1,5,218,5,0,1,0,technical,medium0.82,0.99,4,263,6,0,1,0,technical,medium0.1,0.82,6,244,4,0,1,0,technical,medium0.59,0.49,7,263,4,0,1,0,technical,medium0.44,0.48,2,143,3,0,1,0,technical,medium0.89,0.95,2,181,5,0,1,0,technical,medium0.91,0.84,5,265,5,0,1,0,technical,medium0.66,0.57,5,161,5,0,1,0,technical,high0.11,0.87,7,282,5,0,1,0,technical,low0.43,0.51,2,155,3,0,1,0,technical,medium0.78,0.83,4,217,6,0,1,0,support,medium0.11,0.97,6,289,5,0,1,0,support,medium0.83,0.98,4,259,5,0,1,0,support,medium0.39,0.54,2,158,3,0,1,0,support,low0.38,0.55,2,158,3,0,1,0,support,low0.37,0.57,2,155,3,0,1,0,support,low0.44,0.48,2,146,3,0,1,0,support,low0.53,0.85,2,164,5,0,1,0,support,low0.09,0.96,6,259,4,0,1,0,support,low0.11,0.89,6,293,4,0,1,0,support,low0.83,0.96,5,275,5,0,1,0,support,low0.88,1,5,219,6,1,1,0,technical,low0.1,0.89,6,247,4,0,1,0,technical,low0.09,0.86,7,309,4,0,1,0,technical,low0.44,0.54,2,151,3,0,1,0,management,low0.39,0.51,2,129,3,0,1,0,IT,low0.87,0.94,4,274,5,0,1,0,IT,low0.74,0.99,4,233,5,0,1,0,IT,low0.1,0.95,7,289,4,0,1,0,IT,low0.74,0.82,4,239,6,0,1,0,IT,low0.75,0.99,5,221,5,0,1,0,product_mng,low0.41,0.56,2,150,3,0,1,0,product_mng,low0.41,0.45,2,144,3,1,1,0,product_mng,low0.09,0.9,7,289,4,0,1,0,product_mng,low0.09,0.8,6,301,5,0,1,0,IT,medium0.39,0.57,2,145,3,0,1,0,accounting,medium0.4,0.56,2,137,3,0,1,0,accounting,medium0.37,0.54,2,131,3,1,1,0,hr,medium0.1,0.84,6,246,4,0,1,0,hr,medium0.43,0.51,2,136,3,0,1,0,hr,medium0.75,0.85,5,240,6,1,1,0,marketing,medium0.37,0.56,2,156,3,0,1,0,sales,medium0.11,0.85,6,305,4,0,1,0,accounting,medium0.45,0.45,2,154,3,1,1,0,support,medium0.87,1,5,261,5,1,1,0,technical,medium0.11,0.94,7,244,4,0,1,0,management,medium0.45,0.54,2,129,3,0,1,0,marketing,high0.81,0.87,4,254,5,0,1,0,marketing,low0.77,0.91,5,236,5,0,1,0,marketing,medium0.89,0.92,5,237,5,0,1,0,sales,medium0.43,0.49,2,135,3,0,1,0,sales,medium0.78,1,5,236,5,0,1,0,sales,medium0.37,0.47,2,149,3,0,1,0,sales,low0.37,0.5,2,141,3,0,1,0,sales,low0.85,0.82,4,270,5,0,1,0,sales,low0.41,0.47,2,138,3,0,1,0,sales,low0.11,0.96,6,298,4,0,1,0,sales,low0.75,0.99,5,254,5,0,1,0,sales,low0.82,0.85,5,248,5,0,1,0,sales,low0.79,1,5,257,6,0,1,0,sales,low0.43,0.53,2,150,3,0,1,0,sales,low0.1,0.9,7,281,4,0,1,0,sales,low0.46,0.48,2,141,3,1,1,0,sales,low0.43,0.57,2,157,3,0,1,0,sales,low0.43,0.55,2,136,3,0,1,0,sales,low0.11,0.8,7,296,4,0,1,0,sales,low0.09,0.86,6,279,4,0,1,0,sales,low0.37,0.53,2,131,3,0,1,0,sales,low0.4,0.57,2,160,3,0,1,0,accounting,low0.1,0.77,7,291,4,0,1,0,accounting,low0.41,0.53,2,157,3,0,1,0,accounting,low0.79,0.58,3,294,4,0,1,0,hr,low0.11,0.79,7,310,4,0,1,0,hr,low0.1,0.97,6,282,4,0,1,0,hr,medium0.44,0.51,2,134,3,0,1,0,hr,medium0.25,0.46,4,214,4,0,1,0,technical,medium0.44,0.52,2,137,3,0,1,0,technical,medium0.73,1,4,252,5,0,1,0,technical,medium0.75,0.97,5,243,6,0,1,0,technical,medium0.36,0.47,2,148,3,0,1,0,technical,medium0.37,0.49,2,151,3,0,1,0,technical,medium0.39,0.49,2,129,3,0,1,0,technical,medium0.48,0.78,2,198,2,0,1,0,technical,medium0.57,0.72,4,275,6,0,1,0,technical,medium0.9,0.96,5,243,5,0,1,0,technical,medium0.39,0.55,2,159,3,0,1,0,technical,high0.44,0.51,2,145,3,0,1,0,support,low0.81,0.88,5,242,5,0,1,0,support,medium0.74,0.87,5,242,5,0,1,0,support,medium0.44,0.56,2,145,3,0,1,0,support,medium0.41,0.56,2,154,3,0,1,1,support,medium0.4,0.51,2,139,3,0,1,0,support,low0.46,0.57,2,152,3,0,1,0,support,low0.8,0.83,2,211,3,0,1,0,support,low0.87,0.9,5,258,5,0,1,0,support,low0.39,0.54,2,155,3,0,1,0,support,low0.38,0.55,2,148,3,0,1,0,support,low0.66,0.67,2,255,3,0,1,0,technical,low0.1,0.8,6,264,4,0,1,0,technical,low0.37,0.54,2,132,3,0,1,0,technical,low0.1,0.77,6,255,4,0,1,0,management,low0.09,0.87,5,263,4,0,1,0,IT,low0.86,0.84,5,222,5,0,1,0,IT,low0.11,0.9,6,263,4,0,1,0,IT,low0.37,0.46,2,157,3,0,1,0,IT,low0.11,0.92,7,307,4,0,1,0,IT,low0.77,0.98,5,259,6,0,1,0,product_mng,low0.84,0.94,5,222,6,0,1,0,product_mng,low0.1,0.84,7,250,4,0,1,0,product_mng,low0.83,0.9,5,245,5,0,1,0,product_mng,low0.11,0.79,6,292,4,0,1,0,IT,low0.86,0.92,5,252,5,0,1,0,RandD,low0.38,0.56,2,161,3,0,1,0,RandD,medium0.11,0.88,5,250,4,0,1,0,RandD,medium0.45,0.49,2,134,3,0,1,0,RandD,medium0.1,0.85,7,279,4,0,1,0,RandD,medium0.09,0.95,7,256,4,0,1,0,marketing,medium0.39,0.53,2,127,3,0,1,0,sales,medium0.37,0.47,2,138,3,1,1,0,accounting,medium0.81,0.97,5,243,5,0,1,0,support,medium0.09,0.9,7,296,4,0,1,0,technical,medium0.1,0.88,7,267,4,0,1,0,management,medium0.39,0.49,2,144,3,0,1,0,marketing,medium0.83,0.95,4,251,5,0,1,0,marketing,medium0.45,0.57,2,148,3,0,1,0,marketing,high0.43,0.51,2,141,3,0,1,0,sales,low0.8,0.75,3,268,2,0,1,0,sales,medium0.1,0.86,6,247,4,0,1,0,sales,medium0.1,0.55,2,247,4,0,1,0,sales,medium0.36,0.52,2,146,3,0,1,0,sales,medium0.38,0.5,2,140,3,0,1,0,sales,low0.78,0.98,5,263,6,0,1,0,sales,low0.44,0.49,2,145,3,0,1,0,sales,low0.41,0.46,2,156,3,1,1,0,sales,low0.72,0.85,5,244,6,0,1,0,sales,low0.46,0.54,2,144,3,0,1,0,sales,low0.1,0.9,7,286,4,0,1,0,sales,low0.34,0.67,4,141,2,0,1,0,sales,low0.11,0.89,6,260,5,0,1,0,sales,low0.38,0.56,2,154,3,0,1,0,sales,low0.82,0.92,5,225,5,0,1,0,sales,low0.39,0.57,2,127,3,0,1,0,sales,low0.44,0.53,2,140,3,0,1,0,sales,low0.43,0.52,2,147,3,0,1,0,sales,low0.84,0.83,4,227,5,0,1,0,accounting,low0.43,0.48,2,153,3,0,1,0,accounting,low0.37,0.52,2,128,3,0,1,0,accounting,low0.74,0.97,4,228,5,0,1,0,hr,low0.73,0.97,5,235,5,0,1,0,hr,low0.37,0.47,2,148,3,0,1,0,hr,low0.58,0.62,4,238,3,0,1,0,hr,low0.4,0.54,2,141,3,0,1,0,technical,medium0.51,0.83,5,249,4,0,1,0,technical,medium0.46,0.5,2,151,3,0,1,0,technical,medium0.45,0.54,2,129,3,0,1,0,technical,medium0.46,0.5,2,156,3,0,1,0,technical,medium0.39,0.45,2,134,3,0,1,0,technical,medium0.09,0.88,6,269,4,0,1,0,technical,medium0.09,0.77,6,290,4,0,1,0,technical,medium0.37,0.51,2,132,3,0,1,0,technical,medium0.1,0.89,7,308,4,0,1,0,technical,medium0.77,1,4,232,5,0,1,0,technical,medium0.79,0.86,5,235,5,0,1,0,support,medium0.43,0.55,2,130,3,0,1,0,support,high0.38,0.53,2,146,3,0,1,0,support,low0.77,0.91,5,221,6,0,1,0,support,medium0.44,0.5,2,130,3,0,1,0,support,medium0.39,0.46,2,136,3,0,1,0,support,medium0.1,0.79,6,275,4,0,1,0,management,low0.1,0.9,6,299,4,0,1,0,marketing,low0.36,0.49,2,147,3,0,1,0,marketing,low0.1,0.97,7,306,4,0,1,0,marketing,low0.84,1,5,242,5,0,1,0,sales,low0.38,0.51,2,159,3,0,1,0,sales,low0.41,0.49,2,147,3,0,1,0,sales,low0.37,0.51,2,154,3,1,1,0,sales,low0.43,0.56,2,129,3,0,1,0,sales,low0.46,0.53,2,161,3,0,1,0,sales,low0.09,0.84,6,269,4,0,1,0,sales,low0.78,0.86,5,274,5,0,1,0,sales,low0.45,0.53,2,159,3,0,1,0,sales,low0.42,0.47,2,135,3,0,1,0,sales,low0.46,0.53,2,147,3,0,1,0,sales,low0.39,0.49,2,142,3,0,1,0,sales,low0.36,0.51,2,130,3,0,1,0,sales,low0.43,0.53,2,147,3,0,1,0,sales,medium0.85,0.87,5,246,5,1,1,0,sales,medium0.11,0.92,6,281,4,0,1,0,sales,medium0.11,0.9,6,253,4,0,1,0,sales,medium0.38,0.47,2,128,3,0,1,0,sales,medium0.43,0.57,2,129,3,0,1,0,sales,medium0.75,1,5,223,6,0,1,0,accounting,medium0.11,0.92,6,269,4,0,1,0,accounting,medium0.1,0.9,7,269,4,0,1,0,accounting,medium0.1,0.81,7,244,5,0,1,0,hr,medium0.37,0.5,2,154,3,0,1,0,hr,medium0.11,0.93,5,140,5,0,1,0,hr,medium0.45,0.46,2,159,3,0,1,0,hr,high0.44,0.48,2,158,3,0,1,0,technical,low0.44,0.56,2,133,3,0,1,0,technical,medium0.11,0.77,6,247,4,0,1,0,technical,medium0.79,0.93,5,268,5,0,1,0,technical,medium0.8,0.9,5,267,5,0,1,0,technical,medium0.1,0.87,7,251,5,0,1,0,technical,low0.09,0.93,6,279,4,0,1,0,technical,low0.7,0.84,6,161,4,0,1,0,technical,low0.72,0.84,4,256,5,0,1,0,technical,low0.11,0.8,6,304,4,0,1,0,technical,low0.39,0.51,2,137,3,0,1,0,technical,low0.4,0.49,2,144,3,0,1,0,support,low0.43,0.54,2,142,3,0,1,0,support,low0.76,0.87,5,262,5,0,1,0,support,low0.4,0.48,2,142,3,0,1,0,support,low0.09,0.89,6,282,4,0,1,0,support,low0.37,0.54,2,157,3,0,1,0,support,low0.87,0.91,5,228,5,0,1,0,support,low0.1,0.86,6,283,4,0,1,0,support,low0.11,0.86,6,286,4,0,1,0,support,low0.43,0.5,2,148,3,0,1,0,support,low0.1,0.81,6,245,4,0,1,0,support,low0.11,0.95,6,279,4,0,1,0,technical,low0.85,0.87,5,245,5,0,1,0,technical,low0.37,0.49,2,138,3,0,1,0,technical,low0.44,0.52,2,141,3,0,1,0,management,low0.1,0.83,7,302,5,0,1,0,IT,medium0.11,0.89,6,268,4,0,1,0,IT,medium0.87,0.88,5,240,5,0,1,0,IT,medium0.39,0.49,2,127,3,0,1,0,IT,medium0.1,0.94,7,264,4,0,1,0,IT,medium0.44,0.53,2,155,3,0,1,0,product_mng,medium0.4,0.49,2,143,3,0,1,0,product_mng,medium0.76,0.98,5,217,6,0,1,0,product_mng,medium0.46,0.55,2,147,3,0,1,0,product_mng,medium0.9,0.92,4,271,5,0,1,0,IT,medium0.85,0.87,4,273,5,0,1,0,RandD,medium0.1,0.78,5,285,4,1,1,0,RandD,medium0.43,0.49,2,131,3,0,1,0,RandD,high0.2,0.5,5,135,6,0,1,0,RandD,low0.81,0.92,5,239,5,0,1,0,RandD,medium0.83,0.85,5,237,5,0,1,0,marketing,medium0.14,0.75,4,277,5,1,1,0,sales,medium0.1,0.84,5,303,5,0,1,0,accounting,medium0.91,0.98,4,242,6,0,1,0,support,low0.37,0.57,2,158,3,0,1,0,technical,low0.42,0.57,2,147,3,1,1,0,management,low0.39,0.68,2,282,5,0,1,0,marketing,low0.39,0.54,2,154,3,0,1,0,marketing,low0.44,0.52,2,149,3,0,1,0,marketing,low0.37,0.45,2,149,3,0,1,0,sales,low0.39,0.53,2,146,3,0,1,0,sales,low0.72,0.94,4,258,5,0,1,0,sales,low0.37,0.49,2,148,3,0,1,0,sales,low0.82,0.94,5,236,5,0,1,0,sales,low0.42,0.52,2,134,3,0,1,0,sales,low0.59,1,2,155,5,0,1,0,sales,low0.82,0.86,5,257,5,0,1,0,sales,low0.73,0.97,6,189,2,0,1,0,sales,low0.78,0.66,3,164,3,0,1,0,sales,low0.09,0.95,6,271,4,0,1,0,sales,low0.1,0.97,6,280,4,0,1,0,sales,low0.45,0.46,2,149,3,0,1,0,sales,low0.83,0.81,5,219,5,0,1,0,sales,low0.43,0.51,2,128,3,0,1,0,sales,low0.4,0.47,2,128,3,0,1,0,sales,medium0.43,0.46,2,157,3,0,1,0,sales,medium0.78,0.93,4,225,5,0,1,0,sales,medium0.39,0.45,2,140,3,0,1,0,sales,medium0.11,0.97,6,310,4,0,1,0,accounting,medium0.36,0.52,2,143,3,0,1,0,accounting,medium0.36,0.54,2,153,3,0,1,0,accounting,medium0.1,0.79,7,310,4,0,1,0,hr,medium0.4,0.47,2,136,3,0,1,0,hr,medium0.81,0.85,4,251,6,0,1,0,hr,medium0.4,0.47,2,144,3,0,1,0,hr,medium0.09,0.93,6,296,4,0,1,0,technical,medium0.76,0.89,5,238,5,0,1,0,technical,high0.73,0.93,5,162,4,0,1,0,technical,low0.38,0.49,2,137,3,0,1,0,technical,medium0.72,0.84,5,257,5,0,1,0,technical,medium0.4,0.56,2,148,3,0,1,0,technical,medium0.91,0.99,5,254,5,0,1,0,technical,medium0.85,0.85,4,247,6,0,1,0,technical,low0.9,0.7,5,206,4,0,1,0,technical,low0.46,0.55,2,145,3,0,1,0,technical,low0.43,0.57,2,159,3,1,1,0,technical,low0.89,0.88,5,228,5,1,1,0,support,low0.09,0.81,6,257,4,0,1,0,support,low0.4,0.48,2,155,3,0,1,0,support,low0.76,0.83,6,293,6,0,1,0,support,low0.4,0.57,2,151,3,0,1,0,support,low0.37,0.48,2,160,3,0,1,0,support,low0.37,0.53,2,143,3,0,1,0,support,low0.11,0.96,6,280,4,0,1,0,support,low0.37,0.52,2,158,3,0,1,0,support,low